+-------------+-----+------------+-----+------------+-----+--------+-----------------------------------------------+----------------+------------------+------------------------+------------------+------------------+------------------+------------------+----------------+----------------------+--------------------------+----------------------------+------------------------+
|    COUNT    | 1XX |    2XX     | 3XX |    4XX     | 5XX | METHOD |                      URI                      |      MIN       |       MAX        |          SUM           |       AVG        |       P90        |       P95        |       P99        |     STDDEV     |      MIN(BODY)       |        MAX(BODY)         |         SUM(BODY)          |       AVG(BODY)        |
+-------------+-----+------------+-----+------------+-----+--------+-----------------------------------------------+----------------+------------------+------------------------+------------------+------------------+------------------+------------------+----------------+----------------------+--------------------------+----------------------------+------------------------+
| 1           | 0   | 1          | 0   | 0          | 0   | GET    | /css/app.83b4c321.css                         | 0.000          | 0.000            | 0.000                  | 0.000            | 0.000            | 0.000            | 0.000            | 0.000          | 4868.000             | 4868.000                 | 4868.000                   | 4868.000               |
| 1           | 0   | 1          | 0   | 0          | 0   | POST   | /initialize                                   | 2.392 (-0.032) | 2.392 (-0.032)   | 2.392 (-0.032)         | 2.392 (-0.032)   | 2.392 (-0.032)   | 2.392 (-0.032)   | 2.392 (-0.032)   | 0.000          | 55.000               | 55.000                   | 55.000                     | 55.000                 |
| 1           | 0   | 0          | 0   | 1          | 0   | GET    | /                                             | 0.000          | 0.000            | 0.000                  | 0.000            | 0.000            | 0.000            | 0.000            | 0.000          | 197.000              | 197.000                  | 197.000                    | 197.000                |
| 1           | 0   | 1          | 0   | 0          | 0   | GET    | /index.html                                   | 0.000          | 0.000            | 0.000                  | 0.000            | 0.000            | 0.000            | 0.000            | 0.000          | 479.000              | 479.000                  | 479.000                    | 479.000                |
| 1           | 0   | 1          | 0   | 0          | 0   | GET    | /js/app.3a4ec98c.js                           | 0.000          | 0.000            | 0.000                  | 0.000            | 0.000            | 0.000            | 0.000            | 0.000          | 33296.000            | 33296.000                | 33296.000                  | 33296.000              |
| 1           | 0   | 1          | 0   | 0          | 0   | GET    | /api/organizer/competitions                   | 0.000 (-0.004) | 0.000 (-0.004)   | 0.000 (-0.004)         | 0.000 (-0.004)   | 0.000 (-0.004)   | 0.000 (-0.004)   | 0.000 (-0.004)   | 0.000          | 177.000              | 177.000                  | 177.000                    | 177.000                |
| 9 (-10)     | 0   | 8 (-10)    | 0   | 1          | 0   | POST   | /api/organizer/player/[0-9a-z]+/disqualified$ | 0.004          | 0.172 (+0.148)   | 0.256 (+0.132)         | 0.028 (+0.022)   | 0.172 (+0.160)   | 0.172 (+0.148)   | 0.172 (+0.148)   | 0.051 (+0.046) | 39.000               | 163.000                  | 1292.000 (-1561.000)       | 143.556 (-6.602)       |
| 18 (-8)     | 0   | 17 (-9)    | 0   | 1 (+1)     | 0   | GET    | /api/organizer/billing                        | 0.004          | 3.208 (-7.612)   | 13.976 (-12.684)       | 0.776 (-0.249)   | 3.116 (-0.092)   | 3.208 (-0.140)   | 3.208 (-7.612)   | 1.126 (-1.066) | 0.000 (-323.000)     | 5361.000 (+932.000)      | 15605.000 (-37598.000)     | 866.944 (-1179.325)    |
| 27 (-19)    | 0   | 26 (-19)   | 0   | 1          | 0   | POST   | /api/organizer/competition/[0-9a-z]+/finish$  | 0.004          | 0.449 (+0.413)   | 2.813 (+2.529)         | 0.104 (+0.098)   | 0.272 (+0.264)   | 0.280 (+0.272)   | 0.449 (+0.413)   | 0.109 (+0.104) | 21.000               | 39.000                   | 585.000 (-399.000)         | 21.667 (+0.275)        |
| 49 (+40)    | 0   | 43 (+34)   | 0   | 6 (+6)     | 0   | POST   | /api/organizer/players/add                    | 0.536          | 9.912 (+7.924)   | 283.287 (+273.455)     | 5.781 (+4.689)   | 8.664 (+6.676)   | 8.968 (+6.980)   | 9.912 (+7.924)   | 2.664 (+2.172) | 0.000 (-12150.000)   | 26716.000 (+448.000)     | 922327.000 (+746392.000)   | 18823.000 (-725.333)   |
| 52 (+41)    | 0   | 47 (+41)   | 0   | 5          | 0   | POST   | /api/admin/tenants/add                        | 0.004          | 0.092 (+0.080)   | 0.668 (+0.604)         | 0.013 (+0.007)   | 0.020 (+0.008)   | 0.040 (+0.028)   | 0.092 (+0.080)   | 0.016 (+0.012) | 39.000               | 202.000 (-13.000)        | 8974.000 (+7633.000)       | 172.577 (+50.668)      |
| 63 (+31)    | 0   | 63 (+31)   | 0   | 0          | 0   | GET    | /api/organizer/players                        | 0.028 (+0.008) | 0.276 (+0.204)   | 6.556 (+5.300)         | 0.104 (+0.065)   | 0.164 (+0.108)   | 0.172 (+0.112)   | 0.276 (+0.204)   | 0.042 (+0.030) | 7859.000 (+4771.000) | 602067.000 (+501404.000) | 2484492.000 (+1744357.000) | 39436.381 (+16307.162) |
| 71 (+22)    | 0   | 70 (+22)   | 0   | 1          | 0   | POST   | /api/organizer/competitions/add               | 0.004          | 0.084 (+0.060)   | 2.352 (+1.924)         | 0.033 (+0.024)   | 0.056 (+0.040)   | 0.068 (+0.048)   | 0.084 (+0.060)   | 0.018 (+0.013) | 39.000               | 192.000 (+3.000)         | 11523.000 (+3563.000)      | 162.296 (-0.153)       |
| 83 (+12)    | 0   | 67 (+2)    | 0   | 16 (+10)   | 0   | POST   | /api/organizer/competition/[0-9a-z]+/score$   | 0.004 (-0.012) | 17.136 (+12.340) | 586.407 (+533.471)     | 7.065 (+6.320)   | 12.992 (+10.916) | 13.476 (+11.204) | 17.136 (+12.340) | 4.900 (+4.037) | 0.000                | 62.000                   | 3823.000 (+130.000)        | 46.060 (-5.954)        |
| 346 (+201)  | 0   | 339 (+210) | 0   | 7 (-9)     | 0   | GET    | /api/player/competitions                      | 0.004          | 0.200 (+0.144)   | 16.780 (+14.580)       | 0.048 (+0.033)   | 0.088 (+0.056)   | 0.112 (+0.072)   | 0.172 (+0.124)   | 0.032 (+0.019) | 39.000               | 2801.000 (-6.000)        | 153455.000 (-21627.000)    | 443.512 (-763.951)     |
| 364 (-221)  | 0   | 229 (-321) | 0   | 135 (+100) | 0   | GET    | /api/player/player/[0-9a-z]+$                 | 0.004 (-0.024) | 30.004 (+18.708) | 2829.861 (+1809.841)   | 7.774 (+6.031)   | 20.604 (+16.640) | 25.876 (+21.084) | 30.000 (+18.824) | 8.387 (+6.222) | 0.000                | 1682.000 (-65.000)       | 143886.000 (-294781.000)   | 395.291 (-354.567)     |
| 590 (+578)  | 0   | 589 (+579) | 0   | 1 (-1)     | 0   | GET    | /api/admin/tenants/billing                    | 0.004 (-2.580) | 0.388 (-15.348)  | 59.549 (-50.851)       | 0.101 (-9.099)   | 0.180 (-11.836)  | 0.208 (-15.528)  | 0.316 (-15.420)  | 0.061 (-3.367) | 0.000                | 1632.000 (+63.000)       | 815031.000 (+799849.000)   | 1381.408 (+116.242)    |
| 1031 (+241) | 0   | 659 (-87)  | 0   | 372 (+328) | 0   | GET    | /api/player/competition/[0-9a-z]+/ranking$    | 0.008 (+0.004) | 30.004 (+18.684) | 13064.161 (+12038.537) | 12.671 (+11.373) | 26.212 (+22.464) | 29.984 (+25.356) | 30.001 (+21.957) | 9.643 (+7.777) | 0.000                | 14599.000 (-112.000)     | 7138288.000 (+396169.000)  | 6923.655 (-1610.673)   |
+-------------+-----+------------+-----+------------+-----+--------+-----------------------------------------------+----------------+------------------+------------------------+------------------+------------------+------------------+------------------+----------------+----------------------+--------------------------+----------------------------+------------------------+
