+-------+-----+------+-----+-----+-----+--------+-----------------------------------------------+-------+--------+----------+--------+--------+--------+--------+--------+-----------+------------+-------------+-----------+
| COUNT | 1XX | 2XX  | 3XX | 4XX | 5XX | METHOD |                      URI                      |  MIN  |  MAX   |   SUM    |  AVG   |  P90   |  P95   |  P99   | STDDEV | MIN(BODY) | MAX(BODY)  |  SUM(BODY)  | AVG(BODY) |
+-------+-----+------+-----+-----+-----+--------+-----------------------------------------------+-------+--------+----------+--------+--------+--------+--------+--------+-----------+------------+-------------+-----------+
| 1     | 0   | 1    | 0   | 0   | 0   | GET    | /css/app.83b4c321.css                         | 0.000 | 0.000  | 0.000    | 0.000  | 0.000  | 0.000  | 0.000  | 0.000  | 4868.000  | 4868.000   | 4868.000    | 4868.000  |
| 1     | 0   | 1    | 0   | 0   | 0   | POST   | /initialize                                   | 2.817 | 2.817  | 2.817    | 2.817  | 2.817  | 2.817  | 2.817  | 0.000  | 55.000    | 55.000     | 55.000      | 55.000    |
| 1     | 0   | 1    | 0   | 0   | 0   | GET    | /index.html                                   | 0.000 | 0.000  | 0.000    | 0.000  | 0.000  | 0.000  | 0.000  | 0.000  | 479.000   | 479.000    | 479.000     | 479.000   |
| 1     | 0   | 1    | 0   | 0   | 0   | GET    | /js/app.3a4ec98c.js                           | 0.000 | 0.000  | 0.000    | 0.000  | 0.000  | 0.000  | 0.000  | 0.000  | 33296.000 | 33296.000  | 33296.000   | 33296.000 |
| 1     | 0   | 1    | 0   | 0   | 0   | GET    | /api/organizer/competitions                   | 0.000 | 0.000  | 0.000    | 0.000  | 0.000  | 0.000  | 0.000  | 0.000  | 177.000   | 177.000    | 177.000     | 177.000   |
| 6     | 0   | 5    | 0   | 1   | 0   | POST   | /api/organizer/player/[0-9a-z]+/disqualified$ | 0.004 | 0.764  | 0.856    | 0.143  | 0.764  | 0.764  | 0.764  | 0.279  | 39.000    | 157.000    | 807.000     | 134.500   |
| 10    | 0   | 9    | 0   | 1   | 0   | GET    | /api/organizer/billing                        | 0.096 | 30.000 | 42.784   | 4.278  | 3.408  | 30.000 | 30.000 | 8.647  | 0.000     | 3787.000   | 7543.000    | 754.300   |
| 15    | 0   | 14   | 0   | 1   | 0   | POST   | /api/organizer/competition/[0-9a-z]+/finish$  | 0.012 | 19.932 | 26.136   | 1.742  | 1.980  | 19.932 | 19.932 | 4.897  | 21.000    | 39.000     | 333.000     | 22.200    |
| 22    | 0   | 17   | 0   | 5   | 0   | POST   | /api/admin/tenants/add                        | 0.004 | 0.400  | 0.696    | 0.032  | 0.064  | 0.076  | 0.400  | 0.083  | 39.000    | 207.000    | 3347.000    | 152.136   |
| 23    | 0   | 14   | 0   | 9   | 0   | POST   | /api/organizer/players/add                    | 0.244 | 27.648 | 203.584  | 8.851  | 18.844 | 26.292 | 27.648 | 8.510  | 0.000     | 24476.000  | 284651.000  | 12376.130 |
| 24    | 0   | 24   | 0   | 0   | 0   | GET    | /api/organizer/players                        | 0.024 | 0.616  | 4.480    | 0.187  | 0.440  | 0.540  | 0.616  | 0.152  | 4624.000  | 602067.000 | 1041032.000 | 43376.333 |
| 31    | 0   | 30   | 0   | 1   | 0   | POST   | /api/organizer/competitions/add               | 0.004 | 1.708  | 6.744    | 0.218  | 0.564  | 1.256  | 1.708  | 0.378  | 39.000    | 189.000    | 4992.000    | 161.032   |
| 40    | 0   | 21   | 0   | 19  | 0   | POST   | /api/organizer/competition/[0-9a-z]+/score$   | 0.004 | 30.000 | 433.420  | 10.835 | 30.000 | 30.000 | 30.000 | 12.156 | 0.000     | 62.000     | 1342.000    | 33.550    |
| 133   | 0   | 132  | 0   | 1   | 0   | GET    | /api/admin/tenants/billing                    | 0.004 | 7.316  | 63.776   | 0.480  | 1.520  | 2.216  | 3.644  | 0.919  | 0.000     | 1579.000   | 179835.000  | 1352.143  |
| 627   | 0   | 614  | 0   | 13  | 0   | GET    | /api/player/player/[0-9a-z]+$                 | 0.004 | 3.536  | 733.468  | 1.170  | 1.760  | 2.104  | 2.764  | 0.472  | 0.000     | 2178.000   | 483764.000  | 771.553   |
| 1075  | 0   | 1067 | 0   | 8   | 0   | GET    | /api/player/competitions                      | 0.004 | 4.776  | 382.596  | 0.356  | 0.820  | 1.116  | 2.304  | 0.490  | 0.000     | 2666.000   | 498810.000  | 464.009   |
| 2458  | 0   | 2439 | 0   | 19  | 0   | GET    | /api/player/competition/[0-9a-z]+/ranking$    | 0.004 | 5.420  | 1608.608 | 0.654  | 1.520  | 1.944  | 3.100  | 0.679  | 0.000     | 14829.000  | 6041820.000 | 2458.023  |
+-------+-----+------+-----+-----+-----+--------+-----------------------------------------------+-------+--------+----------+--------+--------+--------+--------+--------+-----------+------------+-------------+-----------+
