+-------+-----+-----+-----+-----+-----+--------+-----------------------------------------------+--------+--------+---------+--------+--------+--------+--------+--------+-----------+-----------+------------+-----------+
| COUNT | 1XX | 2XX | 3XX | 4XX | 5XX | METHOD |                      URI                      |  MIN   |  MAX   |   SUM   |  AVG   |  P90   |  P95   |  P99   | STDDEV | MIN(BODY) | MAX(BODY) | SUM(BODY)  | AVG(BODY) |
+-------+-----+-----+-----+-----+-----+--------+-----------------------------------------------+--------+--------+---------+--------+--------+--------+--------+--------+-----------+-----------+------------+-----------+
| 1     | 0   | 0   | 0   | 1   | 0   | GET    | /api/player/competitions                      | 0.000  | 0.000  | 0.000   | 0.000  | 0.000  | 0.000  | 0.000  | 0.000  | 39.000    | 39.000    | 39.000     | 39.000    |
| 1     | 0   | 1   | 0   | 0   | 0   | GET    | /api/organizer/players                        | 0.040  | 0.040  | 0.040   | 0.040  | 0.040  | 0.040  | 0.040  | 0.000  | 12150.000 | 12150.000 | 12150.000  | 12150.000 |
| 1     | 0   | 1   | 0   | 0   | 0   | GET    | /index.html                                   | 0.000  | 0.000  | 0.000   | 0.000  | 0.000  | 0.000  | 0.000  | 0.000  | 479.000   | 479.000   | 479.000    | 479.000   |
| 1     | 0   | 1   | 0   | 0   | 0   | GET    | /js/app.3a4ec98c.js                           | 0.000  | 0.000  | 0.000   | 0.000  | 0.000  | 0.000  | 0.000  | 0.000  | 33296.000 | 33296.000 | 33296.000  | 33296.000 |
| 1     | 0   | 1   | 0   | 0   | 0   | GET    | /css/app.83b4c321.css                         | 0.000  | 0.000  | 0.000   | 0.000  | 0.000  | 0.000  | 0.000  | 0.000  | 4868.000  | 4868.000  | 4868.000   | 4868.000  |
| 1     | 0   | 1   | 0   | 0   | 0   | POST   | /initialize                                   | 2.308  | 2.308  | 2.308   | 2.308  | 2.308  | 2.308  | 2.308  | 0.000  | 55.000    | 55.000    | 55.000     | 55.000    |
| 1     | 0   | 0   | 0   | 1   | 0   | GET    | /api/admin/tenants/billing                    | 29.992 | 29.992 | 29.992  | 29.992 | 29.992 | 29.992 | 29.992 | 0.000  | 0.000     | 0.000     | 0.000      | 0.000     |
| 2     | 0   | 1   | 0   | 1   | 0   | POST   | /api/organizer/competition/[0-9a-z]+/finish$  | 0.004  | 0.004  | 0.004   | 0.002  | 0.004  | 0.004  | 0.004  | 0.002  | 21.000    | 39.000    | 60.000     | 30.000    |
| 3     | 0   | 2   | 0   | 1   | 0   | POST   | /api/organizer/player/[0-9a-z]+/disqualified$ | 0.004  | 0.004  | 0.008   | 0.003  | 0.004  | 0.004  | 0.004  | 0.002  | 39.000    | 157.000   | 353.000    | 117.667   |
| 3     | 0   | 3   | 0   | 0   | 0   | POST   | /api/organizer/players/add                    | 0.532  | 0.568  | 1.668   | 0.556  | 0.568  | 0.568  | 0.568  | 0.017  | 12150.000 | 12171.000 | 36471.000  | 12157.000 |
| 4     | 0   | 3   | 0   | 1   | 0   | POST   | /api/organizer/competitions/add               | 0.008  | 0.012  | 0.028   | 0.007  | 0.012  | 0.012  | 0.012  | 0.004  | 39.000    | 168.000   | 518.000    | 129.500   |
| 4     | 0   | 2   | 0   | 2   | 0   | GET    | /api/player/player/[0-9a-z]+$                 | 0.004  | 11.388 | 20.500  | 5.125  | 11.388 | 11.388 | 11.388 | 4.065  | 0.000     | 283.000   | 593.000    | 148.250   |
| 9     | 0   | 4   | 0   | 5   | 0   | POST   | /api/organizer/competition/[0-9a-z]+/score$   | 0.004  | 19.272 | 57.940  | 6.438  | 19.272 | 19.272 | 19.272 | 8.079  | 39.000    | 62.000    | 432.000    | 48.000    |
| 9     | 0   | 4   | 0   | 5   | 0   | POST   | /api/admin/tenants/add                        | 0.000  | 0.008  | 0.032   | 0.004  | 0.008  | 0.008  | 0.008  | 0.003  | 39.000    | 206.000   | 972.000    | 108.000   |
| 19    | 0   | 16  | 0   | 3   | 0   | GET    | /api/player/competition/[0-9a-z]+/ranking$    | 0.004  | 11.632 | 149.192 | 7.852  | 11.332 | 11.632 | 11.632 | 3.777  | 0.000     | 14373.000 | 215236.000 | 11328.211 |
+-------+-----+-----+-----+-----+-----+--------+-----------------------------------------------+--------+--------+---------+--------+--------+--------+--------+--------+-----------+-----------+------------+-----------+
