+-------+-----+-------+-----+-----+-----+--------+--------------------------------------------------+-------+--------+-----------+-------+-------+-------+-------+--------+-----------+------------+--------------+-----------+
| COUNT | 1XX |  2XX  | 3XX | 4XX | 5XX | METHOD |                       URI                        |  MIN  |  MAX   |    SUM    |  AVG  |  P90  |  P95  |  P99  | STDDEV | MIN(BODY) | MAX(BODY)  |  SUM(BODY)   | AVG(BODY) |
+-------+-----+-------+-----+-----+-----+--------+--------------------------------------------------+-------+--------+-----------+-------+-------+-------+-------+--------+-----------+------------+--------------+-----------+
| 1     | 0   | 1     | 0   | 0   | 0   | GET    | /css/app.83b4c321.css                            | 0.000 | 0.000  | 0.000     | 0.000 | 0.000 | 0.000 | 0.000 | 0.000  | 4868.000  | 4868.000   | 4868.000     | 4868.000  |
| 1     | 0   | 1     | 0   | 0   | 0   | POST   | /initialize                                      | 2.984 | 2.984  | 2.984     | 2.984 | 2.984 | 2.984 | 2.984 | 0.000  | 55.000    | 55.000     | 55.000       | 55.000    |
| 1     | 0   | 1     | 0   | 0   | 0   | GET    | /index.html                                      | 0.000 | 0.000  | 0.000     | 0.000 | 0.000 | 0.000 | 0.000 | 0.000  | 479.000   | 479.000    | 479.000      | 479.000   |
| 1     | 0   | 1     | 0   | 0   | 0   | GET    | /js/app.3a4ec98c.js                              | 0.000 | 0.000  | 0.000     | 0.000 | 0.000 | 0.000 | 0.000 | 0.000  | 33296.000 | 33296.000  | 33296.000    | 33296.000 |
| 1     | 0   | 1     | 0   | 0   | 0   | GET    | /api/organizer/competitions                      | 0.000 | 0.000  | 0.000     | 0.000 | 0.000 | 0.000 | 0.000 | 0.000  | 195.000   | 195.000    | 195.000      | 195.000   |
| 9     | 0   | 8     | 0   | 1   | 0   | POST   | /api/organizer/player/[0-9a-zA-Z]+/disqualified$ | 0.004 | 0.404  | 0.996     | 0.111 | 0.404 | 0.404 | 0.404 | 0.159  | 39.000    | 175.000    | 1337.000     | 148.556   |
| 23    | 0   | 18    | 0   | 5   | 0   | POST   | /api/admin/tenants/add                           | 0.004 | 0.152  | 0.260     | 0.011 | 0.012 | 0.012 | 0.152 | 0.030  | 39.000    | 209.000    | 3561.000     | 154.826   |
| 32    | 0   | 32    | 0   | 0   | 0   | POST   | /api/organizer/players/add                       | 0.012 | 1.688  | 7.720     | 0.241 | 0.736 | 1.256 | 1.688 | 0.382  | 13950.000 | 31260.000  | 788269.000   | 24633.406 |
| 133   | 0   | 132   | 0   | 1   | 0   | GET    | /api/organizer/billing                           | 0.004 | 4.756  | 40.293    | 0.303 | 0.672 | 0.804 | 2.104 | 0.490  | 0.000     | 7651.000   | 260534.000   | 1958.902  |
| 148   | 0   | 144   | 0   | 4   | 0   | POST   | /api/organizer/competition/[0-9a-zA-Z]+/finish$  | 0.004 | 3.728  | 84.785    | 0.573 | 1.176 | 1.764 | 3.296 | 0.609  | 0.000     | 39.000     | 3063.000     | 20.696    |
| 154   | 0   | 154   | 0   | 0   | 0   | GET    | /api/organizer/players                           | 0.020 | 2.688  | 80.428    | 0.522 | 1.100 | 1.352 | 2.228 | 0.447  | 2942.000  | 781207.000 | 10013254.000 | 65021.130 |
| 162   | 0   | 161   | 0   | 1   | 0   | POST   | /api/organizer/competitions/add                  | 0.012 | 2.332  | 35.421    | 0.219 | 0.492 | 0.724 | 2.304 | 0.330  | 39.000    | 215.000    | 29365.000    | 181.265   |
| 172   | 0   | 170   | 0   | 2   | 0   | GET    | /api/admin/tenants/billing                       | 0.004 | 4.384  | 73.777    | 0.429 | 1.556 | 2.148 | 3.552 | 0.805  | 0.000     | 1633.000   | 234337.000   | 1362.424  |
| 174   | 0   | 166   | 0   | 8   | 0   | POST   | /api/organizer/competition/[0-9a-zA-Z]+/score$   | 0.004 | 5.112  | 154.805   | 0.890 | 1.744 | 2.488 | 4.352 | 0.832  | 0.000     | 62.000     | 9174.000     | 52.724    |
| 1315  | 0   | 1295  | 0   | 20  | 0   | GET    | /api/player/competitions                         | 0.004 | 6.524  | 449.000   | 0.341 | 0.740 | 1.064 | 2.036 | 0.487  | 0.000     | 3671.000   | 1371142.000  | 1042.694  |
| 5962  | 0   | 5807  | 0   | 155 | 0   | GET    | /api/player/competition/[0-9a-zA-Z]+/ranking$    | 0.004 | 10.448 | 5595.772  | 0.939 | 1.960 | 2.644 | 4.768 | 0.937  | 0.000     | 16291.000  | 72207633.000 | 12111.310 |
| 10999 | 0   | 10686 | 0   | 313 | 0   | GET    | /api/player/player/[0-9a-zA-Z]+$                 | 0.004 | 9.492  | 10123.433 | 0.920 | 1.788 | 2.480 | 4.504 | 0.863  | 0.000     | 2258.000   | 9829343.000  | 893.658   |
+-------+-----+-------+-----+-----+-----+--------+--------------------------------------------------+-------+--------+-----------+-------+-------+-------+-------+--------+-----------+------------+--------------+-----------+
