+-------+-----+------+-----+-----+-----+--------+-----------------------------------------------+-------+--------+----------+-------+--------+--------+--------+--------+-----------+------------+--------------+-----------+
| COUNT | 1XX | 2XX  | 3XX | 4XX | 5XX | METHOD |                      URI                      |  MIN  |  MAX   |   SUM    |  AVG  |  P90   |  P95   |  P99   | STDDEV | MIN(BODY) | MAX(BODY)  |  SUM(BODY)   | AVG(BODY) |
+-------+-----+------+-----+-----+-----+--------+-----------------------------------------------+-------+--------+----------+-------+--------+--------+--------+--------+-----------+------------+--------------+-----------+
| 1     | 0   | 1    | 0   | 0   | 0   | GET    | /css/app.83b4c321.css                         | 0.000 | 0.000  | 0.000    | 0.000 | 0.000  | 0.000  | 0.000  | 0.000  | 4868.000  | 4868.000   | 4868.000     | 4868.000  |
| 1     | 0   | 1    | 0   | 0   | 0   | POST   | /initialize                                   | 2.532 | 2.532  | 2.532    | 2.532 | 2.532  | 2.532  | 2.532  | 0.000  | 55.000    | 55.000     | 55.000       | 55.000    |
| 1     | 0   | 1    | 0   | 0   | 0   | GET    | /index.html                                   | 0.000 | 0.000  | 0.000    | 0.000 | 0.000  | 0.000  | 0.000  | 0.000  | 479.000   | 479.000    | 479.000      | 479.000   |
| 1     | 0   | 1    | 0   | 0   | 0   | GET    | /js/app.3a4ec98c.js                           | 0.000 | 0.000  | 0.000    | 0.000 | 0.000  | 0.000  | 0.000  | 0.000  | 33296.000 | 33296.000  | 33296.000    | 33296.000 |
| 1     | 0   | 1    | 0   | 0   | 0   | GET    | /api/organizer/competitions                   | 0.004 | 0.004  | 0.004    | 0.004 | 0.004  | 0.004  | 0.004  | 0.000  | 177.000   | 177.000    | 177.000      | 177.000   |
| 9     | 0   | 8    | 0   | 1   | 0   | POST   | /api/organizer/player/[0-9a-z]+/disqualified$ | 0.004 | 0.088  | 0.328    | 0.036 | 0.088  | 0.088  | 0.088  | 0.034  | 39.000    | 162.000    | 1294.000     | 143.778   |
| 34    | 0   | 30   | 0   | 4   | 0   | POST   | /api/organizer/players/add                    | 0.524 | 17.984 | 321.160  | 9.446 | 17.108 | 17.900 | 17.984 | 6.120  | 0.000     | 26492.000  | 629451.000   | 18513.265 |
| 39    | 0   | 34   | 0   | 5   | 0   | POST   | /api/admin/tenants/add                        | 0.008 | 0.244  | 0.656    | 0.017 | 0.028  | 0.036  | 0.244  | 0.038  | 39.000    | 206.000    | 6575.000     | 168.590   |
| 48    | 0   | 47   | 0   | 1   | 0   | GET    | /api/organizer/billing                        | 0.004 | 30.000 | 57.736   | 1.203 | 0.672  | 6.624  | 30.000 | 4.554  | 323.000   | 5523.000   | 34212.000    | 712.750   |
| 62    | 0   | 60   | 0   | 2   | 0   | POST   | /api/organizer/competition/[0-9a-z]+/finish$  | 0.004 | 9.164  | 19.560   | 0.315 | 0.412  | 0.576  | 9.164  | 1.146  | 0.000     | 39.000     | 1299.000     | 20.952    |
| 81    | 0   | 81   | 0   | 0   | 0   | GET    | /api/organizer/players                        | 0.036 | 0.416  | 10.124   | 0.125 | 0.212  | 0.252  | 0.416  | 0.069  | 3088.000  | 602067.000 | 2819233.000  | 34805.346 |
| 91    | 0   | 90   | 0   | 1   | 0   | POST   | /api/organizer/competitions/add               | 0.004 | 0.240  | 6.160    | 0.068 | 0.144  | 0.196  | 0.240  | 0.052  | 39.000    | 189.000    | 14669.000    | 161.198   |
| 103   | 0   | 75   | 0   | 28  | 0   | POST   | /api/organizer/competition/[0-9a-z]+/score$   | 0.004 | 25.420 | 822.988  | 7.990 | 17.300 | 18.508 | 23.064 | 6.756  | 0.000     | 62.000     | 4249.000     | 41.252    |
| 391   | 0   | 390  | 0   | 1   | 0   | GET    | /api/admin/tenants/billing                    | 0.004 | 0.680  | 60.676   | 0.155 | 0.312  | 0.440  | 0.620  | 0.136  | 0.000     | 1670.000   | 537868.000   | 1375.621  |
| 440   | 0   | 433  | 0   | 7   | 0   | GET    | /api/player/competitions                      | 0.004 | 0.816  | 36.304   | 0.083 | 0.160  | 0.212  | 0.404  | 0.083  | 39.000    | 2810.000   | 212946.000   | 483.968   |
| 1268  | 0   | 1085 | 0   | 183 | 0   | GET    | /api/player/player/[0-9a-z]+$                 | 0.004 | 26.400 | 3375.572 | 2.662 | 11.312 | 15.300 | 18.296 | 4.847  | 0.000     | 2269.000   | 696540.000   | 549.322   |
| 1643  | 0   | 1363 | 0   | 280 | 0   | GET    | /api/player/competition/[0-9a-z]+/ranking$    | 0.004 | 25.848 | 8998.880 | 5.477 | 16.648 | 18.476 | 23.220 | 6.872  | 0.000     | 14755.000  | 15193825.000 | 9247.611  |
+-------+-----+------+-----+-----+-----+--------+-----------------------------------------------+-------+--------+----------+-------+--------+--------+--------+--------+-----------+------------+--------------+-----------+
