+-------+-----+------+-----+-----+-----+--------+--------------------------------------------------+-------+--------+----------+-------+--------+--------+--------+--------+-----------+------------+--------------+-----------+
| COUNT | 1XX | 2XX  | 3XX | 4XX | 5XX | METHOD |                       URI                        |  MIN  |  MAX   |   SUM    |  AVG  |  P90   |  P95   |  P99   | STDDEV | MIN(BODY) | MAX(BODY)  |  SUM(BODY)   | AVG(BODY) |
+-------+-----+------+-----+-----+-----+--------+--------------------------------------------------+-------+--------+----------+-------+--------+--------+--------+--------+-----------+------------+--------------+-----------+
| 1     | 0   | 1    | 0   | 0   | 0   | GET    | /css/app.83b4c321.css                            | 0.000 | 0.000  | 0.000    | 0.000 | 0.000  | 0.000  | 0.000  | 0.000  | 4868.000  | 4868.000   | 4868.000     | 4868.000  |
| 1     | 0   | 1    | 0   | 0   | 0   | POST   | /initialize                                      | 2.933 | 2.933  | 2.933    | 2.933 | 2.933  | 2.933  | 2.933  | 0.000  | 55.000    | 55.000     | 55.000       | 55.000    |
| 1     | 0   | 1    | 0   | 0   | 0   | GET    | /index.html                                      | 0.000 | 0.000  | 0.000    | 0.000 | 0.000  | 0.000  | 0.000  | 0.000  | 479.000   | 479.000    | 479.000      | 479.000   |
| 1     | 0   | 1    | 0   | 0   | 0   | GET    | /js/app.3a4ec98c.js                              | 0.000 | 0.000  | 0.000    | 0.000 | 0.000  | 0.000  | 0.000  | 0.000  | 33296.000 | 33296.000  | 33296.000    | 33296.000 |
| 1     | 0   | 1    | 0   | 0   | 0   | GET    | /api/organizer/competitions                      | 0.000 | 0.000  | 0.000    | 0.000 | 0.000  | 0.000  | 0.000  | 0.000  | 195.000   | 195.000    | 195.000      | 195.000   |
| 10    | 0   | 9    | 0   | 1   | 0   | POST   | /api/organizer/player/[0-9a-zA-Z]+/disqualified$ | 0.004 | 0.320  | 0.616    | 0.062 | 0.096  | 0.320  | 0.320  | 0.092  | 39.000    | 175.000    | 1482.000     | 148.200   |
| 29    | 0   | 24   | 0   | 5   | 0   | POST   | /api/admin/tenants/add                           | 0.004 | 0.076  | 0.336    | 0.012 | 0.036  | 0.056  | 0.076  | 0.016  | 39.000    | 209.000    | 4704.000     | 162.207   |
| 30    | 0   | 29   | 0   | 1   | 0   | POST   | /api/organizer/players/add                       | 0.012 | 0.152  | 1.408    | 0.047 | 0.092  | 0.116  | 0.152  | 0.033  | 0.000     | 31260.000  | 725429.000   | 24180.967 |
| 73    | 0   | 73   | 0   | 0   | 0   | GET    | /api/organizer/billing                           | 0.004 | 0.592  | 5.404    | 0.074 | 0.180  | 0.364  | 0.592  | 0.112  | 335.000   | 6469.000   | 89740.000    | 1229.315  |
| 86    | 0   | 84   | 0   | 2   | 0   | POST   | /api/organizer/competition/[0-9a-zA-Z]+/finish$  | 0.004 | 2.396  | 18.704   | 0.217 | 0.536  | 0.820  | 2.396  | 0.383  | 0.000     | 39.000     | 1803.000     | 20.965    |
| 100   | 0   | 100  | 0   | 0   | 0   | GET    | /api/organizer/players                           | 0.024 | 0.896  | 14.740   | 0.147 | 0.244  | 0.320  | 0.480  | 0.114  | 3087.000  | 686567.000 | 5750807.000  | 57508.070 |
| 110   | 0   | 108  | 0   | 2   | 0   | POST   | /api/organizer/competitions/add                  | 0.004 | 0.556  | 6.956    | 0.063 | 0.144  | 0.236  | 0.512  | 0.100  | 0.000     | 216.000    | 19684.000    | 178.945   |
| 122   | 0   | 99   | 0   | 23  | 0   | POST   | /api/organizer/competition/[0-9a-zA-Z]+/score$   | 0.004 | 29.992 | 855.816  | 7.015 | 22.084 | 23.904 | 28.572 | 8.019  | 0.000     | 62.000     | 5543.000     | 45.434    |
| 245   | 0   | 244  | 0   | 1   | 0   | GET    | /api/admin/tenants/billing                       | 0.004 | 3.212  | 64.400   | 0.263 | 0.684  | 0.908  | 1.156  | 0.340  | 0.000     | 1641.000   | 335378.000   | 1368.890  |
| 3490  | 0   | 3466 | 0   | 24  | 0   | GET    | /api/player/competitions                         | 0.004 | 2.776  | 593.036  | 0.170 | 0.364  | 0.552  | 1.352  | 0.244  | 0.000     | 3258.000   | 2512051.000  | 719.785   |
| 8826  | 0   | 8702 | 0   | 124 | 0   | GET    | /api/player/player/[0-9a-zA-Z]+$                 | 0.004 | 4.156  | 2848.892 | 0.323 | 0.668  | 0.940  | 1.788  | 0.336  | 0.000     | 2258.000   | 5447068.000  | 617.162   |
| 9101  | 0   | 8979 | 0   | 122 | 0   | GET    | /api/player/competition/[0-9a-zA-Z]+/ranking$    | 0.004 | 4.316  | 3134.412 | 0.344 | 0.724  | 1.004  | 1.896  | 0.362  | 0.000     | 16298.000  | 54032460.000 | 5936.981  |
+-------+-----+------+-----+-----+-----+--------+--------------------------------------------------+-------+--------+----------+-------+--------+--------+--------+--------+-----------+------------+--------------+-----------+
