+-------+-----+------+-----+-----+-----+--------+--------------------------------------------------+-------+--------+----------+-------+--------+--------+--------+--------+-----------+------------+--------------+-----------+
| COUNT | 1XX | 2XX  | 3XX | 4XX | 5XX | METHOD |                       URI                        |  MIN  |  MAX   |   SUM    |  AVG  |  P90   |  P95   |  P99   | STDDEV | MIN(BODY) | MAX(BODY)  |  SUM(BODY)   | AVG(BODY) |
+-------+-----+------+-----+-----+-----+--------+--------------------------------------------------+-------+--------+----------+-------+--------+--------+--------+--------+-----------+------------+--------------+-----------+
| 1     | 0   | 1    | 0   | 0   | 0   | GET    | /css/app.83b4c321.css                            | 0.000 | 0.000  | 0.000    | 0.000 | 0.000  | 0.000  | 0.000  | 0.000  | 4868.000  | 4868.000   | 4868.000     | 4868.000  |
| 1     | 0   | 1    | 0   | 0   | 0   | POST   | /initialize                                      | 2.740 | 2.740  | 2.740    | 2.740 | 2.740  | 2.740  | 2.740  | 0.000  | 55.000    | 55.000     | 55.000       | 55.000    |
| 1     | 0   | 1    | 0   | 0   | 0   | GET    | /index.html                                      | 0.000 | 0.000  | 0.000    | 0.000 | 0.000  | 0.000  | 0.000  | 0.000  | 479.000   | 479.000    | 479.000      | 479.000   |
| 1     | 0   | 1    | 0   | 0   | 0   | GET    | /js/app.3a4ec98c.js                              | 0.000 | 0.000  | 0.000    | 0.000 | 0.000  | 0.000  | 0.000  | 0.000  | 33296.000 | 33296.000  | 33296.000    | 33296.000 |
| 1     | 0   | 1    | 0   | 0   | 0   | GET    | /api/organizer/competitions                      | 0.000 | 0.000  | 0.000    | 0.000 | 0.000  | 0.000  | 0.000  | 0.000  | 195.000   | 195.000    | 195.000      | 195.000   |
| 9     | 0   | 8    | 0   | 1   | 0   | POST   | /api/organizer/player/[0-9a-zA-Z]+/disqualified$ | 0.004 | 0.124  | 0.328    | 0.036 | 0.124  | 0.124  | 0.124  | 0.037  | 39.000    | 175.000    | 1327.000     | 147.444   |
| 27    | 0   | 27   | 0   | 0   | 0   | POST   | /api/organizer/players/add                       | 0.012 | 1.664  | 3.144    | 0.116 | 0.168  | 0.172  | 1.664  | 0.307  | 13950.000 | 29960.000  | 637169.000   | 23598.852 |
| 28    | 0   | 23   | 0   | 5   | 0   | POST   | /api/admin/tenants/add                           | 0.004 | 0.204  | 0.520    | 0.019 | 0.048  | 0.064  | 0.204  | 0.039  | 39.000    | 203.000    | 4488.000     | 160.286   |
| 65    | 0   | 64   | 0   | 1   | 0   | GET    | /api/organizer/billing                           | 0.004 | 22.004 | 49.704   | 0.765 | 1.196  | 1.488  | 22.004 | 2.728  | 0.000     | 5887.000   | 79923.000    | 1229.585  |
| 78    | 0   | 77   | 0   | 1   | 0   | POST   | /api/organizer/competition/[0-9a-zA-Z]+/finish$  | 0.004 | 1.164  | 12.816   | 0.164 | 0.364  | 0.472  | 1.164  | 0.202  | 21.000    | 39.000     | 1656.000     | 21.231    |
| 92    | 0   | 92   | 0   | 0   | 0   | GET    | /api/organizer/players                           | 0.020 | 0.688  | 14.900   | 0.162 | 0.288  | 0.396  | 0.688  | 0.119  | 2458.000  | 625207.000 | 4039029.000  | 43902.489 |
| 101   | 0   | 100  | 0   | 1   | 0   | POST   | /api/organizer/competitions/add                  | 0.004 | 0.640  | 5.120    | 0.051 | 0.108  | 0.152  | 0.432  | 0.081  | 39.000    | 202.000    | 18276.000    | 180.950   |
| 113   | 0   | 89   | 0   | 24  | 0   | POST   | /api/organizer/competition/[0-9a-zA-Z]+/score$   | 0.032 | 30.001 | 797.842  | 7.061 | 18.973 | 22.028 | 26.081 | 7.546  | 0.000     | 62.000     | 5006.000     | 44.301    |
| 234   | 0   | 233  | 0   | 1   | 0   | GET    | /api/admin/tenants/billing                       | 0.004 | 1.976  | 65.046   | 0.278 | 0.716  | 0.952  | 1.953  | 0.356  | 0.000     | 1639.000   | 320196.000   | 1368.359  |
| 3224  | 0   | 3198 | 0   | 26  | 0   | GET    | /api/player/competitions                         | 0.004 | 2.773  | 547.478  | 0.170 | 0.364  | 0.556  | 1.220  | 0.231  | 0.000     | 2938.000   | 2221350.000  | 689.004   |
| 8164  | 0   | 8064 | 0   | 100 | 0   | GET    | /api/player/player/[0-9a-zA-Z]+$                 | 0.004 | 4.064  | 2539.785 | 0.311 | 0.652  | 0.928  | 1.780  | 0.334  | 0.000     | 2314.000   | 5112616.000  | 626.239   |
| 8409  | 0   | 8321 | 0   | 88  | 0   | GET    | /api/player/competition/[0-9a-zA-Z]+/ranking$    | 0.004 | 3.768  | 2853.195 | 0.339 | 0.712  | 0.992  | 1.892  | 0.357  | 0.000     | 16286.000  | 47896555.000 | 5695.868  |
+-------+-----+------+-----+-----+-----+--------+--------------------------------------------------+-------+--------+----------+-------+--------+--------+--------+--------+-----------+------------+--------------+-----------+
