+-------+-----+-------+-----+-----+-----+--------+--------------------------------------------------+-------+--------+-----------+-------+-------+-------+-------+--------+-----------+------------+---------------+-----------+
| COUNT | 1XX |  2XX  | 3XX | 4XX | 5XX | METHOD |                       URI                        |  MIN  |  MAX   |    SUM    |  AVG  |  P90  |  P95  |  P99  | STDDEV | MIN(BODY) | MAX(BODY)  |   SUM(BODY)   | AVG(BODY) |
+-------+-----+-------+-----+-----+-----+--------+--------------------------------------------------+-------+--------+-----------+-------+-------+-------+-------+--------+-----------+------------+---------------+-----------+
| 1     | 0   | 1     | 0   | 0   | 0   | GET    | /css/app.83b4c321.css                            | 0.000 | 0.000  | 0.000     | 0.000 | 0.000 | 0.000 | 0.000 | 0.000  | 4868.000  | 4868.000   | 4868.000      | 4868.000  |
| 1     | 0   | 1     | 0   | 0   | 0   | POST   | /initialize                                      | 5.968 | 5.968  | 5.968     | 5.968 | 5.968 | 5.968 | 5.968 | 0.000  | 37.000    | 37.000     | 37.000        | 37.000    |
| 1     | 0   | 1     | 0   | 0   | 0   | GET    | /index.html                                      | 0.000 | 0.000  | 0.000     | 0.000 | 0.000 | 0.000 | 0.000 | 0.000  | 479.000   | 479.000    | 479.000       | 479.000   |
| 1     | 0   | 1     | 0   | 0   | 0   | GET    | /js/app.3a4ec98c.js                              | 0.000 | 0.000  | 0.000     | 0.000 | 0.000 | 0.000 | 0.000 | 0.000  | 33296.000 | 33296.000  | 33296.000     | 33296.000 |
| 1     | 0   | 1     | 0   | 0   | 0   | GET    | /api/organizer/competitions                      | 0.000 | 0.000  | 0.000     | 0.000 | 0.000 | 0.000 | 0.000 | 0.000  | 128.000   | 128.000    | 128.000       | 128.000   |
| 11    | 0   | 10    | 0   | 1   | 0   | POST   | /api/organizer/player/[0-9a-zA-Z]+/disqualified$ | 0.004 | 1.648  | 2.012     | 0.183 | 0.204 | 1.648 | 1.648 | 0.468  | 30.000    | 128.000    | 1153.000      | 104.818   |
| 31    | 0   | 26    | 0   | 5   | 0   | POST   | /api/admin/tenants/add                           | 0.004 | 0.064  | 0.336     | 0.011 | 0.024 | 0.064 | 0.064 | 0.017  | 30.000    | 153.000    | 3575.000      | 115.323   |
| 45    | 0   | 45    | 0   | 0   | 0   | POST   | /api/organizer/players/add                       | 0.008 | 0.680  | 4.524     | 0.101 | 0.300 | 0.516 | 0.680 | 0.154  | 9522.000  | 20505.000  | 737738.000    | 16394.178 |
| 247   | 0   | 244   | 0   | 3   | 0   | GET    | /api/organizer/billing                           | 0.004 | 2.756  | 41.972    | 0.170 | 0.376 | 0.680 | 2.124 | 0.346  | 0.000     | 5946.000   | 372074.000    | 1506.372  |
| 268   | 0   | 261   | 0   | 7   | 0   | POST   | /api/organizer/competition/[0-9a-zA-Z]+/finish$  | 0.004 | 7.340  | 126.340   | 0.471 | 1.212 | 1.576 | 3.300 | 0.761  | 0.000     | 30.000     | 4206.000      | 15.694    |
| 275   | 0   | 274   | 0   | 1   | 0   | GET    | /api/organizer/players                           | 0.020 | 6.244  | 136.648   | 0.497 | 0.944 | 1.228 | 2.172 | 0.520  | 0.000     | 557096.000 | 10133905.000  | 36850.564 |
| 278   | 0   | 277   | 0   | 1   | 0   | GET    | /api/admin/tenants/billing                       | 0.004 | 6.588  | 73.504    | 0.264 | 0.760 | 1.696 | 4.152 | 0.695  | 0.000     | 1071.000   | 240968.000    | 866.791   |
| 285   | 0   | 283   | 0   | 2   | 0   | POST   | /api/organizer/competitions/add                  | 0.004 | 4.560  | 46.684    | 0.164 | 0.384 | 0.608 | 1.484 | 0.358  | 0.000     | 165.000    | 38543.000     | 135.239   |
| 298   | 0   | 292   | 0   | 6   | 0   | POST   | /api/organizer/competition/[0-9a-zA-Z]+/score$   | 0.004 | 7.608  | 185.768   | 0.623 | 1.476 | 2.224 | 4.104 | 0.825  | 0.000     | 53.000     | 10671.000     | 35.809    |
| 2485  | 0   | 2469  | 0   | 16  | 0   | GET    | /api/player/competitions                         | 0.004 | 9.748  | 461.076   | 0.186 | 0.412 | 0.728 | 1.824 | 0.436  | 0.000     | 2637.000   | 1896367.000   | 763.126   |
| 13121 | 0   | 12880 | 0   | 241 | 0   | GET    | /api/player/competition/[0-9a-zA-Z]+/ranking$    | 0.004 | 14.176 | 7452.720  | 0.568 | 1.320 | 1.884 | 4.172 | 0.866  | 0.000     | 10825.000  | 107043263.000 | 8158.163  |
| 25669 | 0   | 25138 | 0   | 531 | 0   | GET    | /api/player/player/[0-9a-zA-Z]+$                 | 0.004 | 13.056 | 13765.360 | 0.536 | 1.184 | 1.688 | 3.852 | 0.794  | 0.000     | 1522.000   | 18373386.000  | 715.781   |
+-------+-----+-------+-----+-----+-----+--------+--------------------------------------------------+-------+--------+-----------+-------+-------+-------+-------+--------+-----------+------------+---------------+-----------+
