+-------+-----+------+-----+-----+-----+--------+--------------------------------------------------+-------+--------+----------+-------+--------+--------+--------+--------+-----------+------------+--------------+-----------+
| COUNT | 1XX | 2XX  | 3XX | 4XX | 5XX | METHOD |                       URI                        |  MIN  |  MAX   |   SUM    |  AVG  |  P90   |  P95   |  P99   | STDDEV | MIN(BODY) | MAX(BODY)  |  SUM(BODY)   | AVG(BODY) |
+-------+-----+------+-----+-----+-----+--------+--------------------------------------------------+-------+--------+----------+-------+--------+--------+--------+--------+-----------+------------+--------------+-----------+
| 1     | 0   | 1    | 0   | 0   | 0   | GET    | /css/app.83b4c321.css                            | 0.000 | 0.000  | 0.000    | 0.000 | 0.000  | 0.000  | 0.000  | 0.000  | 4868.000  | 4868.000   | 4868.000     | 4868.000  |
| 1     | 0   | 1    | 0   | 0   | 0   | POST   | /initialize                                      | 2.796 | 2.796  | 2.796    | 2.796 | 2.796  | 2.796  | 2.796  | 0.000  | 55.000    | 55.000     | 55.000       | 55.000    |
| 1     | 0   | 1    | 0   | 0   | 0   | GET    | /index.html                                      | 0.000 | 0.000  | 0.000    | 0.000 | 0.000  | 0.000  | 0.000  | 0.000  | 479.000   | 479.000    | 479.000      | 479.000   |
| 1     | 0   | 1    | 0   | 0   | 0   | GET    | /js/app.3a4ec98c.js                              | 0.000 | 0.000  | 0.000    | 0.000 | 0.000  | 0.000  | 0.000  | 0.000  | 33296.000 | 33296.000  | 33296.000    | 33296.000 |
| 1     | 0   | 1    | 0   | 0   | 0   | GET    | /api/organizer/competitions                      | 0.004 | 0.004  | 0.004    | 0.004 | 0.004  | 0.004  | 0.004  | 0.000  | 195.000   | 195.000    | 195.000      | 195.000   |
| 10    | 0   | 9    | 0   | 1   | 0   | POST   | /api/organizer/player/[0-9a-zA-Z]+/disqualified$ | 0.004 | 0.224  | 0.412    | 0.041 | 0.064  | 0.224  | 0.224  | 0.064  | 39.000    | 175.000    | 1480.000     | 148.000   |
| 28    | 0   | 23   | 0   | 5   | 0   | POST   | /api/admin/tenants/add                           | 0.004 | 0.136  | 0.484    | 0.017 | 0.052  | 0.124  | 0.136  | 0.033  | 39.000    | 208.000    | 4460.000     | 159.286   |
| 29    | 0   | 29   | 0   | 0   | 0   | POST   | /api/organizer/players/add                       | 0.012 | 0.212  | 1.648    | 0.057 | 0.172  | 0.180  | 0.212  | 0.053  | 13950.000 | 31260.000  | 724909.000   | 24996.862 |
| 68    | 0   | 68   | 0   | 0   | 0   | GET    | /api/organizer/billing                           | 0.008 | 0.844  | 5.380    | 0.079 | 0.208  | 0.352  | 0.844  | 0.147  | 335.000   | 6733.000   | 96416.000    | 1417.882  |
| 81    | 0   | 79   | 0   | 2   | 0   | POST   | /api/organizer/competition/[0-9a-zA-Z]+/finish$  | 0.004 | 1.076  | 13.676   | 0.169 | 0.372  | 0.540  | 1.076  | 0.188  | 0.000     | 39.000     | 1698.000     | 20.963    |
| 97    | 0   | 97   | 0   | 0   | 0   | GET    | /api/organizer/players                           | 0.020 | 0.520  | 13.336   | 0.137 | 0.208  | 0.316  | 0.520  | 0.089  | 7650.000  | 676427.000 | 5640166.000  | 58146.041 |
| 105   | 0   | 104  | 0   | 1   | 0   | POST   | /api/organizer/competitions/add                  | 0.004 | 0.484  | 6.445    | 0.061 | 0.156  | 0.188  | 0.372  | 0.082  | 39.000    | 225.000    | 19142.000    | 182.305   |
| 118   | 0   | 95   | 0   | 23  | 0   | POST   | /api/organizer/competition/[0-9a-zA-Z]+/score$   | 0.068 | 30.000 | 857.069  | 7.263 | 21.216 | 24.692 | 27.360 | 7.947  | 0.000     | 62.000     | 5334.000     | 45.203    |
| 239   | 0   | 238  | 0   | 1   | 0   | GET    | /api/admin/tenants/billing                       | 0.004 | 2.720  | 64.181   | 0.269 | 0.692  | 0.972  | 1.460  | 0.366  | 0.000     | 1627.000   | 328099.000   | 1372.799  |
| 3500  | 0   | 3474 | 0   | 26  | 0   | GET    | /api/player/competitions                         | 0.004 | 2.544  | 603.920  | 0.173 | 0.392  | 0.564  | 1.108  | 0.229  | 0.000     | 3347.000   | 2890340.000  | 825.811   |
| 8884  | 0   | 8768 | 0   | 116 | 0   | GET    | /api/player/player/[0-9a-zA-Z]+$                 | 0.004 | 3.780  | 2853.410 | 0.321 | 0.660  | 0.952  | 1.680  | 0.328  | 0.000     | 2639.000   | 6039357.000  | 679.802   |
| 9098  | 0   | 8985 | 0   | 113 | 0   | GET    | /api/player/competition/[0-9a-zA-Z]+/ranking$    | 0.012 | 4.544  | 3193.839 | 0.351 | 0.752  | 1.040  | 1.868  | 0.370  | 0.000     | 16276.000  | 53110431.000 | 5837.594  |
+-------+-----+------+-----+-----+-----+--------+--------------------------------------------------+-------+--------+----------+-------+--------+--------+--------+--------+-----------+------------+--------------+-----------+
