+-------+-----+-------+-----+-----+-----+--------+--------------------------------------------------+-------+--------+----------+-------+-------+-------+-------+--------+-----------+------------+---------------+-----------+
| COUNT | 1XX |  2XX  | 3XX | 4XX | 5XX | METHOD |                       URI                        |  MIN  |  MAX   |   SUM    |  AVG  |  P90  |  P95  |  P99  | STDDEV | MIN(BODY) | MAX(BODY)  |   SUM(BODY)   | AVG(BODY) |
+-------+-----+-------+-----+-----+-----+--------+--------------------------------------------------+-------+--------+----------+-------+-------+-------+-------+--------+-----------+------------+---------------+-----------+
| 1     | 0   | 1     | 0   | 0   | 0   | GET    | /css/app.83b4c321.css                            | 0.000 | 0.000  | 0.000    | 0.000 | 0.000 | 0.000 | 0.000 | 0.000  | 4868.000  | 4868.000   | 4868.000      | 4868.000  |
| 1     | 0   | 1     | 0   | 0   | 0   | POST   | /initialize                                      | 6.076 | 6.076  | 6.076    | 6.076 | 6.076 | 6.076 | 6.076 | 0.000  | 37.000    | 37.000     | 37.000        | 37.000    |
| 1     | 0   | 1     | 0   | 0   | 0   | GET    | /index.html                                      | 0.000 | 0.000  | 0.000    | 0.000 | 0.000 | 0.000 | 0.000 | 0.000  | 479.000   | 479.000    | 479.000       | 479.000   |
| 1     | 0   | 1     | 0   | 0   | 0   | GET    | /js/app.3a4ec98c.js                              | 0.000 | 0.000  | 0.000    | 0.000 | 0.000 | 0.000 | 0.000 | 0.000  | 33296.000 | 33296.000  | 33296.000     | 33296.000 |
| 1     | 0   | 1     | 0   | 0   | 0   | GET    | /api/organizer/competitions                      | 0.000 | 0.000  | 0.000    | 0.000 | 0.000 | 0.000 | 0.000 | 0.000  | 128.000   | 128.000    | 128.000       | 128.000   |
| 11    | 0   | 10    | 0   | 1   | 0   | POST   | /api/organizer/player/[0-9a-zA-Z]+/disqualified$ | 0.004 | 0.184  | 0.376    | 0.034 | 0.088 | 0.184 | 0.184 | 0.055  | 30.000    | 128.000    | 1163.000      | 105.727   |
| 34    | 0   | 29    | 0   | 5   | 0   | POST   | /api/admin/tenants/add                           | 0.004 | 0.064  | 0.420    | 0.012 | 0.056 | 0.064 | 0.064 | 0.019  | 30.000    | 155.000    | 4024.000      | 118.353   |
| 48    | 0   | 48    | 0   | 0   | 0   | POST   | /api/organizer/players/add                       | 0.012 | 0.696  | 3.408    | 0.071 | 0.164 | 0.192 | 0.696 | 0.106  | 9522.000  | 20505.000  | 811809.000    | 16912.688 |
| 216   | 0   | 216   | 0   | 0   | 0   | GET    | /api/organizer/billing                           | 0.004 | 2.636  | 18.921   | 0.088 | 0.180 | 0.320 | 1.052 | 0.247  | 232.000   | 6001.000   | 312137.000    | 1445.079  |
| 237   | 0   | 230   | 0   | 7   | 0   | POST   | /api/organizer/competition/[0-9a-zA-Z]+/finish$  | 0.004 | 5.744  | 66.570   | 0.281 | 0.785 | 1.028 | 1.876 | 0.548  | 0.000     | 30.000     | 3710.000      | 15.654    |
| 249   | 0   | 245   | 0   | 4   | 0   | GET    | /api/organizer/players                           | 0.024 | 2.120  | 91.636   | 0.368 | 0.708 | 0.788 | 1.068 | 0.274  | 0.000     | 555720.000 | 9950413.000   | 39961.498 |
| 256   | 0   | 253   | 0   | 3   | 0   | POST   | /api/organizer/competitions/add                  | 0.004 | 4.832  | 25.236   | 0.099 | 0.168 | 0.268 | 2.448 | 0.379  | 0.000     | 168.000    | 34189.000     | 133.551   |
| 268   | 0   | 260   | 0   | 8   | 0   | POST   | /api/organizer/competition/[0-9a-zA-Z]+/score$   | 0.008 | 6.888  | 634.584  | 2.368 | 5.216 | 5.568 | 6.508 | 2.125  | 0.000     | 53.000     | 9527.000      | 35.549    |
| 316   | 0   | 314   | 0   | 2   | 0   | GET    | /api/admin/tenants/billing                       | 0.020 | 3.944  | 70.337   | 0.223 | 0.424 | 1.128 | 2.656 | 0.529  | 0.000     | 1092.000   | 273273.000    | 864.788   |
| 4205  | 0   | 4193  | 0   | 12  | 0   | GET    | /api/player/competitions                         | 0.024 | 7.124  | 444.102  | 0.106 | 0.184 | 0.340 | 1.120 | 0.348  | 0.000     | 2692.000   | 3147549.000   | 748.525   |
| 16116 | 0   | 15922 | 0   | 194 | 0   | GET    | /api/player/competition/[0-9a-zA-Z]+/ranking$    | 0.012 | 13.028 | 5556.601 | 0.345 | 0.776 | 1.204 | 3.404 | 0.648  | 0.000     | 10818.000  | 107411917.000 | 6664.924  |
| 26542 | 0   | 26226 | 0   | 316 | 0   | GET    | /api/player/player/[0-9a-zA-Z]+$                 | 0.004 | 12.464 | 7399.993 | 0.279 | 0.584 | 0.920 | 2.888 | 0.561  | 0.000     | 1740.000   | 16352937.000  | 616.115   |
+-------+-----+-------+-----+-----+-----+--------+--------------------------------------------------+-------+--------+----------+-------+-------+-------+-------+--------+-----------+------------+---------------+-----------+
