+---------------+-----+---------------+-----+-----------+-----+--------+--------------------------------------------------+----------------+-----------------+-----------------------+----------------+----------------+----------------+----------------+----------------+-----------+------------------------+-------------------------------+-----------------------+
|     COUNT     | 1XX |      2XX      | 3XX |    4XX    | 5XX | METHOD |                       URI                        |      MIN       |       MAX       |          SUM          |      AVG       |      P90       |      P95       |      P99       |     STDDEV     | MIN(BODY) |       MAX(BODY)        |           SUM(BODY)           |       AVG(BODY)       |
+---------------+-----+---------------+-----+-----------+-----+--------+--------------------------------------------------+----------------+-----------------+-----------------------+----------------+----------------+----------------+----------------+----------------+-----------+------------------------+-------------------------------+-----------------------+
| 1             | 0   | 1             | 0   | 0         | 0   | GET    | /css/app.83b4c321.css                            | 0.000          | 0.000           | 0.000                 | 0.000          | 0.000          | 0.000          | 0.000          | 0.000          | 4868.000  | 4868.000               | 4868.000                      | 4868.000              |
| 1             | 0   | 1             | 0   | 0         | 0   | POST   | /initialize                                      | 5.968 (-0.024) | 5.968 (-0.024)  | 5.968 (-0.024)        | 5.968 (-0.024) | 5.968 (-0.024) | 5.968 (-0.024) | 5.968 (-0.024) | 0.000          | 37.000    | 37.000                 | 37.000                        | 37.000                |
| 1             | 0   | 1             | 0   | 0         | 0   | GET    | /index.html                                      | 0.000          | 0.000           | 0.000                 | 0.000          | 0.000          | 0.000          | 0.000          | 0.000          | 479.000   | 479.000                | 479.000                       | 479.000               |
| 1             | 0   | 1             | 0   | 0         | 0   | GET    | /js/app.3a4ec98c.js                              | 0.000          | 0.000           | 0.000                 | 0.000          | 0.000          | 0.000          | 0.000          | 0.000          | 33296.000 | 33296.000              | 33296.000                     | 33296.000             |
| 1             | 0   | 1             | 0   | 0         | 0   | GET    | /api/organizer/competitions                      | 0.000          | 0.000           | 0.000                 | 0.000          | 0.000          | 0.000          | 0.000          | 0.000          | 128.000   | 128.000                | 128.000                       | 128.000               |
| 11            | 0   | 10            | 0   | 1         | 0   | POST   | /api/organizer/player/[0-9a-zA-Z]+/disqualified$ | 0.004          | 1.648 (+1.496)  | 2.012 (+1.512)        | 0.183 (+0.137) | 0.204 (+0.104) | 1.648 (+1.496) | 1.648 (+1.496) | 0.468 (+0.418) | 30.000    | 128.000                | 1153.000 (-15.000)            | 104.818 (-1.364)      |
| 31 (+1)       | 0   | 26 (+1)       | 0   | 5         | 0   | POST   | /api/admin/tenants/add                           | 0.004          | 0.064 (-1.488)  | 0.336 (-1.472)        | 0.011 (-0.049) | 0.024 (-0.004) | 0.064          | 0.064 (-1.488) | 0.017 (-0.261) | 30.000    | 153.000                | 3575.000 (+121.000)           | 115.323 (+0.189)      |
| 45 (+1)       | 0   | 45 (+1)       | 0   | 0         | 0   | POST   | /api/organizer/players/add                       | 0.008 (-0.004) | 0.680 (-0.444)  | 4.524 (-1.276)        | 0.101 (-0.031) | 0.300 (-0.084) | 0.516 (-0.060) | 0.680 (-0.444) | 0.154 (-0.058) | 9522.000  | 20505.000 (-172.000)   | 737738.000 (+10357.000)       | 16394.178 (-137.209)  |
| 247 (+32)     | 0   | 244 (+30)     | 0   | 3 (+2)    | 0   | GET    | /api/organizer/billing                           | 0.004          | 2.756 (+0.216)  | 41.972 (-0.160)       | 0.170 (-0.026) | 0.376 (-0.044) | 0.680 (-0.156) | 2.124 (+0.016) | 0.346 (-0.028) | 0.000     | 5946.000 (-24.000)     | 372074.000 (+60496.000)       | 1506.372 (+57.172)    |
| 268 (+38)     | 0   | 261 (+33)     | 0   | 7 (+5)    | 0   | POST   | /api/organizer/competition/[0-9a-zA-Z]+/finish$  | 0.004          | 7.340 (-1.064)  | 126.340 (-4.652)      | 0.471 (-0.098) | 1.212 (-0.144) | 1.576 (-0.316) | 3.300 (-2.708) | 0.761 (-0.259) | 0.000     | 30.000                 | 4206.000 (+528.000)           | 15.694 (-0.297)       |
| 275 (+29)     | 0   | 274 (+30)     | 0   | 1 (-1)    | 0   | GET    | /api/organizer/players                           | 0.020 (+0.004) | 6.244 (+3.848)  | 136.648 (+24.191)     | 0.497 (+0.040) | 0.944 (+0.092) | 1.228 (+0.152) | 2.172 (+0.164) | 0.520 (+0.147) | 0.000     | 557096.000 (+9288.000) | 10133905.000 (+376383.000)    | 36850.564 (-2814.160) |
| 278 (+19)     | 0   | 277 (+19)     | 0   | 1         | 0   | GET    | /api/admin/tenants/billing                       | 0.004 (-0.004) | 6.588 (-0.800)  | 73.504 (-0.161)       | 0.264 (-0.020) | 0.760 (+0.088) | 1.696 (+0.432) | 4.152 (-1.476) | 0.695 (-0.175) | 0.000     | 1071.000 (-16.000)     | 240968.000 (+17793.000)       | 866.791 (+5.112)      |
| 285 (+34)     | 0   | 283 (+35)     | 0   | 2 (-1)    | 0   | POST   | /api/organizer/competitions/add                  | 0.004          | 4.560 (+1.668)  | 46.684 (+5.588)       | 0.164          | 0.384 (+0.024) | 0.608 (+0.040) | 1.484 (-0.388) | 0.358 (+0.049) | 0.000     | 165.000 (-3.000)       | 38543.000 (+5124.000)         | 135.239 (+2.095)      |
| 298 (+35)     | 0   | 292 (+39)     | 0   | 6 (-4)    | 0   | POST   | /api/organizer/competition/[0-9a-zA-Z]+/score$   | 0.004 (-0.004) | 7.608 (-0.400)  | 185.768 (+27.620)     | 0.623 (+0.022) | 1.476 (+0.100) | 2.224 (+0.320) | 4.104 (+0.304) | 0.825 (-0.023) | 0.000     | 53.000                 | 10671.000 (+1395.000)         | 35.809 (+0.539)       |
| 2485 (+427)   | 0   | 2469 (+445)   | 0   | 16 (-18)  | 0   | GET    | /api/player/competitions                         | 0.004          | 9.748 (+2.328)  | 461.076 (-100.749)    | 0.186 (-0.087) | 0.412 (-0.228) | 0.728 (-0.360) | 1.824 (-0.912) | 0.436 (-0.093) | 0.000     | 2637.000 (-29.000)     | 1896367.000 (+443364.000)     | 763.126 (+57.099)     |
| 13121 (+3172) | 0   | 12880 (+3188) | 0   | 241 (-16) | 0   | GET    | /api/player/competition/[0-9a-zA-Z]+/ranking$    | 0.004          | 14.176 (+0.412) | 7452.720 (-374.209)   | 0.568 (-0.219) | 1.320 (-0.408) | 1.884 (-0.712) | 4.172 (-1.128) | 0.866 (-0.176) | 0.000     | 10825.000 (+3.000)     | 107043263.000 (+26827343.000) | 8158.163 (+95.452)    |
| 25669 (+5951) | 0   | 25138 (+5956) | 0   | 531 (-5)  | 0   | GET    | /api/player/player/[0-9a-zA-Z]+$                 | 0.004          | 13.056 (-1.048) | 13765.360 (-1710.328) | 0.536 (-0.249) | 1.184 (-0.444) | 1.688 (-0.880) | 3.852 (-1.492) | 0.794 (-0.225) | 0.000     | 1522.000 (-3.000)      | 18373386.000 (+5417347.000)   | 715.781 (+58.715)     |
+---------------+-----+---------------+-----+-----------+-----+--------+--------------------------------------------------+----------------+-----------------+-----------------------+----------------+----------------+----------------+----------------+----------------+-----------+------------------------+-------------------------------+-----------------------+
