+--------------+-----+--------------+-----+----------+-----+--------+--------------------------------------------------+----------------+------------------+--------------------+----------------+----------------+----------------+------------------+----------------+------------------------+-----------------------+----------------------------+-----------------------+
|    COUNT     | 1XX |     2XX      | 3XX |   4XX    | 5XX | METHOD |                       URI                        |      MIN       |       MAX        |        SUM         |      AVG       |      P90       |      P95       |       P99        |     STDDEV     |       MIN(BODY)        |       MAX(BODY)       |         SUM(BODY)          |       AVG(BODY)       |
+--------------+-----+--------------+-----+----------+-----+--------+--------------------------------------------------+----------------+------------------+--------------------+----------------+----------------+----------------+------------------+----------------+------------------------+-----------------------+----------------------------+-----------------------+
| 1            | 0   | 1            | 0   | 0        | 0   | POST   | /initialize                                      | 2.584 (+0.192) | 2.584 (+0.192)   | 2.584 (+0.192)     | 2.584 (+0.192) | 2.584 (+0.192) | 2.584 (+0.192) | 2.584 (+0.192)   | 0.000          | 55.000                 | 55.000                | 55.000                     | 55.000                |
| 1            | 0   | 1            | 0   | 0        | 0   | GET    | /api/organizer/competitions                      | 0.000          | 0.000            | 0.000              | 0.000          | 0.000          | 0.000          | 0.000            | 0.000          | 195.000 (+18.000)      | 195.000 (+18.000)     | 195.000 (+18.000)          | 195.000 (+18.000)     |
| 1            | 0   | 1            | 0   | 0        | 0   | GET    | /index.html                                      | 0.000          | 0.000            | 0.000              | 0.000          | 0.000          | 0.000          | 0.000            | 0.000          | 479.000                | 479.000               | 479.000                    | 479.000               |
| 1            | 0   | 1            | 0   | 0        | 0   | GET    | /js/app.3a4ec98c.js                              | 0.000          | 0.000            | 0.000              | 0.000          | 0.000          | 0.000          | 0.000            | 0.000          | 33296.000              | 33296.000             | 33296.000                  | 33296.000             |
| 1            | 0   | 1            | 0   | 0        | 0   | GET    | /css/app.83b4c321.css                            | 0.000          | 0.000            | 0.000              | 0.000          | 0.000          | 0.000          | 0.000            | 0.000          | 4868.000               | 4868.000              | 4868.000                   | 4868.000              |
| 9            | 0   | 8            | 0   | 1        | 0   | POST   | /api/organizer/player/[0-9a-zA-Z]+/disqualified$ | 0.004          | 0.188            | 0.404              | 0.045          | 0.188          | 0.188          | 0.188            | 0.058          | 39.000                 | 175.000               | 1323.000                   | 147.000               |
| 24 (-25)     | 0   | 24 (-19)     | 0   | 0 (-6)   | 0   | POST   | /api/organizer/players/add                       | 0.012 (-0.524) | 0.488 (-9.424)   | 1.820 (-281.467)   | 0.076 (-5.706) | 0.180 (-8.484) | 0.216 (-8.752) | 0.488 (-9.424)   | 0.100 (-2.564) | 13950.000 (+13950.000) | 31260.000 (+4544.000) | 588889.000 (-333438.000)   | 24537.042 (+5714.042) |
| 27 (-25)     | 0   | 22 (-25)     | 0   | 5        | 0   | POST   | /api/admin/tenants/add                           | 0.012 (+0.008) | 0.160 (+0.068)   | 0.496 (-0.172)     | 0.018 (+0.006) | 0.052 (+0.032) | 0.060 (+0.020) | 0.160 (+0.068)   | 0.032 (+0.016) | 39.000                 | 203.000 (+1.000)      | 4313.000 (-4661.000)       | 159.741 (-12.836)     |
| 62 (+44)     | 0   | 58 (+41)     | 0   | 4 (+3)   | 0   | GET    | /api/organizer/billing                           | 0.004          | 30.000 (+26.792) | 65.484 (+51.508)   | 1.056 (+0.280) | 1.504 (-1.612) | 1.688 (-1.520) | 30.000 (+26.792) | 3.798 (+2.672) | 0.000                  | 4867.000 (-494.000)   | 59851.000 (+44246.000)     | 965.339 (+98.394)     |
| 75           | 0   | 73           | 0   | 2        | 0   | POST   | /api/organizer/competition/[0-9a-zA-Z]+/finish$  | 0.008          | 15.660           | 33.540             | 0.447          | 0.640          | 0.868          | 15.660           | 1.786          | 0.000                  | 39.000                | 1572.000                   | 20.960                |
| 85 (+22)     | 0   | 85 (+22)     | 0   | 0        | 0   | GET    | /api/organizer/players                           | 0.024 (-0.004) | 0.816 (+0.540)   | 15.540 (+8.984)    | 0.183 (+0.079) | 0.288 (+0.124) | 0.472 (+0.300) | 0.816 (+0.540)   | 0.135 (+0.093) | 2458.000 (-5401.000)   | 602067.000            | 3282553.000 (+798061.000)  | 38618.271 (-818.110)  |
| 94 (+23)     | 0   | 92 (+22)     | 0   | 2 (+1)   | 0   | POST   | /api/organizer/competitions/add                  | 0.004          | 1.208 (+1.124)   | 6.928 (+4.576)     | 0.074 (+0.041) | 0.180 (+0.124) | 0.292 (+0.224) | 1.208 (+1.124)   | 0.153 (+0.136) | 0.000 (-39.000)        | 212.000 (+20.000)     | 16826.000 (+5303.000)      | 179.000 (+16.704)     |
| 105          | 0   | 85           | 0   | 20       | 0   | POST   | /api/organizer/competition/[0-9a-zA-Z]+/score$   | 0.012          | 27.968           | 719.824            | 6.855          | 19.792         | 22.116         | 27.412           | 7.741          | 0.000                  | 62.000                | 4791.000                   | 45.629                |
| 220 (-370)   | 0   | 219 (-370)   | 0   | 1        | 0   | GET    | /api/admin/tenants/billing                       | 0.004          | 3.000 (+2.612)   | 63.888 (+4.339)    | 0.290 (+0.189) | 0.720 (+0.540) | 0.928 (+0.720) | 1.536 (+1.220)   | 0.378 (+0.316) | 0.000                  | 1645.000 (+13.000)    | 301873.000 (-513158.000)   | 1372.150 (-9.258)     |
| 2987 (+2641) | 0   | 2966 (+2627) | 0   | 21 (+14) | 0   | GET    | /api/player/competitions                         | 0.004          | 3.124 (+2.924)   | 519.124 (+502.344) | 0.174 (+0.125) | 0.392 (+0.304) | 0.544 (+0.432) | 1.112 (+0.940)   | 0.220 (+0.188) | 0.000 (-39.000)        | 2810.000 (+9.000)     | 1878033.000 (+1724578.000) | 628.736 (+185.224)    |
| 7232         | 0   | 7143         | 0   | 89       | 0   | GET    | /api/player/player/[0-9a-zA-Z]+$                 | 0.004          | 3.568            | 2435.604           | 0.337          | 0.696          | 0.948          | 1.720            | 0.341          | 0.000                  | 2248.000              | 4387844.000                | 606.726               |
| 7652         | 0   | 7568         | 0   | 84       | 0   | GET    | /api/player/competition/[0-9a-zA-Z]+/ranking$    | 0.004          | 4.396            | 2745.556           | 0.359          | 0.752          | 1.012          | 1.816            | 0.360          | 0.000                  | 16268.000             | 43183542.000               | 5643.432              |
+--------------+-----+--------------+-----+----------+-----+--------+--------------------------------------------------+----------------+------------------+--------------------+----------------+----------------+----------------+------------------+----------------+------------------------+-----------------------+----------------------------+-----------------------+
