+---------------+-----+---------------+-----+------------+-----+--------+--------------------------------------------------+----------------+-----------------+----------------------+----------------+----------------+----------------+----------------+----------------+--------------------+------------------------+-----------------------------+-----------------------+
|     COUNT     | 1XX |      2XX      | 3XX |    4XX     | 5XX | METHOD |                       URI                        |      MIN       |       MAX       |         SUM          |      AVG       |      P90       |      P95       |      P99       |     STDDEV     |     MIN(BODY)      |       MAX(BODY)        |          SUM(BODY)          |       AVG(BODY)       |
+---------------+-----+---------------+-----+------------+-----+--------+--------------------------------------------------+----------------+-----------------+----------------------+----------------+----------------+----------------+----------------+----------------+--------------------+------------------------+-----------------------------+-----------------------+
| 1             | 0   | 1             | 0   | 0          | 0   | GET    | /css/app.83b4c321.css                            | 0.000          | 0.000           | 0.000                | 0.000          | 0.000          | 0.000          | 0.000          | 0.000          | 4868.000           | 4868.000               | 4868.000                    | 4868.000              |
| 1             | 0   | 1             | 0   | 0          | 0   | POST   | /initialize                                      | 6.076 (+0.108) | 6.076 (+0.108)  | 6.076 (+0.108)       | 6.076 (+0.108) | 6.076 (+0.108) | 6.076 (+0.108) | 6.076 (+0.108) | 0.000          | 37.000             | 37.000                 | 37.000                      | 37.000                |
| 1             | 0   | 1             | 0   | 0          | 0   | GET    | /index.html                                      | 0.000          | 0.000           | 0.000                | 0.000          | 0.000          | 0.000          | 0.000          | 0.000          | 479.000            | 479.000                | 479.000                     | 479.000               |
| 1             | 0   | 1             | 0   | 0          | 0   | GET    | /js/app.3a4ec98c.js                              | 0.000          | 0.000           | 0.000                | 0.000          | 0.000          | 0.000          | 0.000          | 0.000          | 33296.000          | 33296.000              | 33296.000                   | 33296.000             |
| 1             | 0   | 1             | 0   | 0          | 0   | GET    | /api/organizer/competitions                      | 0.000          | 0.000           | 0.000                | 0.000          | 0.000          | 0.000          | 0.000          | 0.000          | 128.000            | 128.000                | 128.000                     | 128.000               |
| 11            | 0   | 10            | 0   | 1          | 0   | POST   | /api/organizer/player/[0-9a-zA-Z]+/disqualified$ | 0.004          | 0.184 (-1.464)  | 0.376 (-1.636)       | 0.034 (-0.149) | 0.088 (-0.116) | 0.184 (-1.464) | 0.184 (-1.464) | 0.055 (-0.413) | 30.000             | 128.000                | 1163.000 (+10.000)          | 105.727 (+0.909)      |
| 34 (+3)       | 0   | 29 (+3)       | 0   | 5          | 0   | POST   | /api/admin/tenants/add                           | 0.004          | 0.064           | 0.420 (+0.084)       | 0.012 (+0.002) | 0.056 (+0.032) | 0.064          | 0.064          | 0.019 (+0.002) | 30.000             | 155.000 (+2.000)       | 4024.000 (+449.000)         | 118.353 (+3.030)      |
| 48 (+3)       | 0   | 48 (+3)       | 0   | 0          | 0   | POST   | /api/organizer/players/add                       | 0.012 (+0.004) | 0.696 (+0.016)  | 3.408 (-1.116)       | 0.071 (-0.030) | 0.164 (-0.136) | 0.192 (-0.324) | 0.696 (+0.016) | 0.106 (-0.049) | 9522.000           | 20505.000              | 811809.000 (+74071.000)     | 16912.688 (+518.510)  |
| 216 (-31)     | 0   | 216 (-28)     | 0   | 0 (-3)     | 0   | GET    | /api/organizer/billing                           | 0.004          | 2.636 (-0.120)  | 18.921 (-23.051)     | 0.088 (-0.082) | 0.180 (-0.196) | 0.320 (-0.360) | 1.052 (-1.072) | 0.247 (-0.099) | 232.000 (+232.000) | 6001.000 (+55.000)     | 312137.000 (-59937.000)     | 1445.079 (-61.294)    |
| 237 (-31)     | 0   | 230 (-31)     | 0   | 7          | 0   | POST   | /api/organizer/competition/[0-9a-zA-Z]+/finish$  | 0.004          | 5.744 (-1.596)  | 66.570 (-59.770)     | 0.281 (-0.191) | 0.785 (-0.427) | 1.028 (-0.548) | 1.876 (-1.424) | 0.548 (-0.213) | 0.000              | 30.000                 | 3710.000 (-496.000)         | 15.654 (-0.040)       |
| 249 (-26)     | 0   | 245 (-29)     | 0   | 4 (+3)     | 0   | GET    | /api/organizer/players                           | 0.024 (+0.004) | 2.120 (-4.124)  | 91.636 (-45.012)     | 0.368 (-0.129) | 0.708 (-0.236) | 0.788 (-0.440) | 1.068 (-1.104) | 0.274 (-0.246) | 0.000              | 555720.000 (-1376.000) | 9950413.000 (-183492.000)   | 39961.498 (+3110.934) |
| 256 (-29)     | 0   | 253 (-30)     | 0   | 3 (+1)     | 0   | POST   | /api/organizer/competitions/add                  | 0.004          | 4.832 (+0.272)  | 25.236 (-21.448)     | 0.099 (-0.065) | 0.168 (-0.216) | 0.268 (-0.340) | 2.448 (+0.964) | 0.379 (+0.021) | 0.000              | 168.000 (+3.000)       | 34189.000 (-4354.000)       | 133.551 (-1.688)      |
| 268 (-30)     | 0   | 260 (-32)     | 0   | 8 (+2)     | 0   | POST   | /api/organizer/competition/[0-9a-zA-Z]+/score$   | 0.008 (+0.004) | 6.888 (-0.720)  | 634.584 (+448.816)   | 2.368 (+1.744) | 5.216 (+3.740) | 5.568 (+3.344) | 6.508 (+2.404) | 2.125 (+1.300) | 0.000              | 53.000                 | 9527.000 (-1144.000)        | 35.549 (-0.260)       |
| 316 (+38)     | 0   | 314 (+37)     | 0   | 2 (+1)     | 0   | GET    | /api/admin/tenants/billing                       | 0.020 (+0.016) | 3.944 (-2.644)  | 70.337 (-3.167)      | 0.223 (-0.042) | 0.424 (-0.336) | 1.128 (-0.568) | 2.656 (-1.496) | 0.529 (-0.165) | 0.000              | 1092.000 (+21.000)     | 273273.000 (+32305.000)     | 864.788 (-2.003)      |
| 4205 (+1720)  | 0   | 4193 (+1724)  | 0   | 12 (-4)    | 0   | GET    | /api/player/competitions                         | 0.024 (+0.020) | 7.124 (-2.624)  | 444.102 (-16.974)    | 0.106 (-0.080) | 0.184 (-0.228) | 0.340 (-0.388) | 1.120 (-0.704) | 0.348 (-0.088) | 0.000              | 2692.000 (+55.000)     | 3147549.000 (+1251182.000)  | 748.525 (-14.600)     |
| 16116 (+2995) | 0   | 15922 (+3042) | 0   | 194 (-47)  | 0   | GET    | /api/player/competition/[0-9a-zA-Z]+/ranking$    | 0.012 (+0.008) | 13.028 (-1.148) | 5556.601 (-1896.119) | 0.345 (-0.223) | 0.776 (-0.544) | 1.204 (-0.680) | 3.404 (-0.768) | 0.648 (-0.218) | 0.000              | 10818.000 (-7.000)     | 107411917.000 (+368654.000) | 6664.924 (-1493.239)  |
| 26542 (+873)  | 0   | 26226 (+1088) | 0   | 316 (-215) | 0   | GET    | /api/player/player/[0-9a-zA-Z]+$                 | 0.004          | 12.464 (-0.592) | 7399.993 (-6365.367) | 0.279 (-0.257) | 0.584 (-0.600) | 0.920 (-0.768) | 2.888 (-0.964) | 0.561 (-0.234) | 0.000              | 1740.000 (+218.000)    | 16352937.000 (-2020449.000) | 616.115 (-99.666)     |
+---------------+-----+---------------+-----+------------+-----+--------+--------------------------------------------------+----------------+-----------------+----------------------+----------------+----------------+----------------+----------------+----------------+--------------------+------------------------+-----------------------------+-----------------------+
