+---------------+-----+---------------+-----+------------+-----+--------+--------------------------------------------------+----------------+-----------------+-----------------------+----------------+-----------------+-----------------+-----------------+----------------+---------------------+--------------------------+------------------------------+------------------------+
|     COUNT     | 1XX |      2XX      | 3XX |    4XX     | 5XX | METHOD |                       URI                        |      MIN       |       MAX       |          SUM          |      AVG       |       P90       |       P95       |       P99       |     STDDEV     |      MIN(BODY)      |        MAX(BODY)         |          SUM(BODY)           |       AVG(BODY)        |
+---------------+-----+---------------+-----+------------+-----+--------+--------------------------------------------------+----------------+-----------------+-----------------------+----------------+-----------------+-----------------+-----------------+----------------+---------------------+--------------------------+------------------------------+------------------------+
| 1             | 0   | 1             | 0   | 0          | 0   | GET    | /index.html                                      | 0.000          | 0.000           | 0.000                 | 0.000          | 0.000           | 0.000           | 0.000           | 0.000          | 479.000             | 479.000                  | 479.000                      | 479.000                |
| 1             | 0   | 1             | 0   | 0          | 0   | GET    | /js/app.3a4ec98c.js                              | 0.000          | 0.000           | 0.000                 | 0.000          | 0.000           | 0.000           | 0.000           | 0.000          | 33296.000           | 33296.000                | 33296.000                    | 33296.000              |
| 1             | 0   | 1             | 0   | 0          | 0   | GET    | /css/app.83b4c321.css                            | 0.000          | 0.000           | 0.000                 | 0.000          | 0.000           | 0.000           | 0.000           | 0.000          | 4868.000            | 4868.000                 | 4868.000                     | 4868.000               |
| 1             | 0   | 1             | 0   | 0          | 0   | GET    | /api/organizer/competitions                      | 0.000          | 0.000           | 0.000                 | 0.000          | 0.000           | 0.000           | 0.000           | 0.000          | 195.000             | 195.000                  | 195.000                      | 195.000                |
| 1             | 0   | 1             | 0   | 0          | 0   | POST   | /initialize                                      | 2.984 (+0.400) | 2.984 (+0.400)  | 2.984 (+0.400)        | 2.984 (+0.400) | 2.984 (+0.400)  | 2.984 (+0.400)  | 2.984 (+0.400)  | 0.000          | 55.000              | 55.000                   | 55.000                       | 55.000                 |
| 9             | 0   | 8             | 0   | 1          | 0   | POST   | /api/organizer/player/[0-9a-zA-Z]+/disqualified$ | 0.004          | 0.404 (+0.216)  | 0.996 (+0.592)        | 0.111 (+0.066) | 0.404 (+0.216)  | 0.404 (+0.216)  | 0.404 (+0.216)  | 0.159 (+0.101) | 39.000              | 175.000                  | 1337.000 (+14.000)           | 148.556 (+1.556)       |
| 23 (-4)       | 0   | 18 (-4)       | 0   | 5          | 0   | POST   | /api/admin/tenants/add                           | 0.004 (-0.008) | 0.152 (-0.008)  | 0.260 (-0.236)        | 0.011 (-0.007) | 0.012 (-0.040)  | 0.012 (-0.048)  | 0.152 (-0.008)  | 0.030 (-0.001) | 39.000              | 209.000 (+6.000)         | 3561.000 (-752.000)          | 154.826 (-4.915)       |
| 32 (+8)       | 0   | 32 (+8)       | 0   | 0          | 0   | POST   | /api/organizer/players/add                       | 0.012          | 1.688 (+1.200)  | 7.720 (+5.900)        | 0.241 (+0.165) | 0.736 (+0.556)  | 1.256 (+1.040)  | 1.688 (+1.200)  | 0.382 (+0.282) | 13950.000           | 31260.000                | 788269.000 (+199380.000)     | 24633.406 (+96.365)    |
| 133 (+71)     | 0   | 132 (+74)     | 0   | 1 (-3)     | 0   | GET    | /api/organizer/billing                           | 0.004          | 4.756 (-25.244) | 40.293 (-25.191)      | 0.303 (-0.753) | 0.672 (-0.832)  | 0.804 (-0.884)  | 2.104 (-27.896) | 0.490 (-3.308) | 0.000               | 7651.000 (+2784.000)     | 260534.000 (+200683.000)     | 1958.902 (+993.564)    |
| 148 (+73)     | 0   | 144 (+71)     | 0   | 4 (+2)     | 0   | POST   | /api/organizer/competition/[0-9a-zA-Z]+/finish$  | 0.004 (-0.004) | 3.728 (-11.932) | 84.785 (+51.245)      | 0.573 (+0.126) | 1.176 (+0.536)  | 1.764 (+0.896)  | 3.296 (-12.364) | 0.609 (-1.177) | 0.000               | 39.000                   | 3063.000 (+1491.000)         | 20.696 (-0.264)        |
| 154 (+69)     | 0   | 154 (+69)     | 0   | 0          | 0   | GET    | /api/organizer/players                           | 0.020 (-0.004) | 2.688 (+1.872)  | 80.428 (+64.888)      | 0.522 (+0.339) | 1.100 (+0.812)  | 1.352 (+0.880)  | 2.228 (+1.412)  | 0.447 (+0.312) | 2942.000 (+484.000) | 781207.000 (+179140.000) | 10013254.000 (+6730701.000)  | 65021.130 (+26402.859) |
| 162 (+68)     | 0   | 161 (+69)     | 0   | 1 (-1)     | 0   | POST   | /api/organizer/competitions/add                  | 0.012 (+0.008) | 2.332 (+1.124)  | 35.421 (+28.493)      | 0.219 (+0.145) | 0.492 (+0.312)  | 0.724 (+0.432)  | 2.304 (+1.096)  | 0.330 (+0.177) | 39.000 (+39.000)    | 215.000 (+3.000)         | 29365.000 (+12539.000)       | 181.265 (+2.265)       |
| 172 (-48)     | 0   | 170 (-49)     | 0   | 2 (+1)     | 0   | GET    | /api/admin/tenants/billing                       | 0.004          | 4.384 (+1.384)  | 73.777 (+9.889)       | 0.429 (+0.139) | 1.556 (+0.836)  | 2.148 (+1.220)  | 3.552 (+2.016)  | 0.805 (+0.427) | 0.000               | 1633.000 (-12.000)       | 234337.000 (-67536.000)      | 1362.424 (-9.726)      |
| 174 (+69)     | 0   | 166 (+81)     | 0   | 8 (-12)    | 0   | POST   | /api/organizer/competition/[0-9a-zA-Z]+/score$   | 0.004 (-0.008) | 5.112 (-22.856) | 154.805 (-565.019)    | 0.890 (-5.966) | 1.744 (-18.048) | 2.488 (-19.628) | 4.352 (-23.060) | 0.832 (-6.909) | 0.000               | 62.000                   | 9174.000 (+4383.000)         | 52.724 (+7.096)        |
| 1315 (-1672)  | 0   | 1295 (-1671)  | 0   | 20 (-1)    | 0   | GET    | /api/player/competitions                         | 0.004          | 6.524 (+3.400)  | 449.000 (-70.124)     | 0.341 (+0.168) | 0.740 (+0.348)  | 1.064 (+0.520)  | 2.036 (+0.924)  | 0.487 (+0.267) | 0.000               | 3671.000 (+861.000)      | 1371142.000 (-506891.000)    | 1042.694 (+413.958)    |
| 5962 (-1690)  | 0   | 5807 (-1761)  | 0   | 155 (+71)  | 0   | GET    | /api/player/competition/[0-9a-zA-Z]+/ranking$    | 0.004          | 10.448 (+6.052) | 5595.772 (+2850.216)  | 0.939 (+0.580) | 1.960 (+1.208)  | 2.644 (+1.632)  | 4.768 (+2.952)  | 0.937 (+0.577) | 0.000               | 16291.000 (+23.000)      | 72207633.000 (+29024091.000) | 12111.310 (+6467.878)  |
| 10999 (+3767) | 0   | 10686 (+3543) | 0   | 313 (+224) | 0   | GET    | /api/player/player/[0-9a-zA-Z]+$                 | 0.004          | 9.492 (+5.924)  | 10123.433 (+7687.829) | 0.920 (+0.584) | 1.788 (+1.092)  | 2.480 (+1.532)  | 4.504 (+2.784)  | 0.863 (+0.522) | 0.000               | 2258.000 (+10.000)       | 9829343.000 (+5441499.000)   | 893.658 (+286.932)     |
+---------------+-----+---------------+-----+------------+-----+--------+--------------------------------------------------+----------------+-----------------+-----------------------+----------------+-----------------+-----------------+-----------------+----------------+---------------------+--------------------------+------------------------------+------------------------+
