+-------+-----+-------+-----+-----+-----+--------+--------------------------------------------------+-------+--------+-----------+-------+-------+-------+-------+--------+-----------+------------+--------------+-----------+
| COUNT | 1XX |  2XX  | 3XX | 4XX | 5XX | METHOD |                       URI                        |  MIN  |  MAX   |    SUM    |  AVG  |  P90  |  P95  |  P99  | STDDEV | MIN(BODY) | MAX(BODY)  |  SUM(BODY)   | AVG(BODY) |
+-------+-----+-------+-----+-----+-----+--------+--------------------------------------------------+-------+--------+-----------+-------+-------+-------+-------+--------+-----------+------------+--------------+-----------+
| 1     | 0   | 1     | 0   | 0   | 0   | GET    | /css/app.83b4c321.css                            | 0.000 | 0.000  | 0.000     | 0.000 | 0.000 | 0.000 | 0.000 | 0.000  | 4868.000  | 4868.000   | 4868.000     | 4868.000  |
| 1     | 0   | 1     | 0   | 0   | 0   | POST   | /initialize                                      | 2.832 | 2.832  | 2.832     | 2.832 | 2.832 | 2.832 | 2.832 | 0.000  | 55.000    | 55.000     | 55.000       | 55.000    |
| 1     | 0   | 1     | 0   | 0   | 0   | GET    | /index.html                                      | 0.000 | 0.000  | 0.000     | 0.000 | 0.000 | 0.000 | 0.000 | 0.000  | 479.000   | 479.000    | 479.000      | 479.000   |
| 1     | 0   | 1     | 0   | 0   | 0   | GET    | /js/app.3a4ec98c.js                              | 0.000 | 0.000  | 0.000     | 0.000 | 0.000 | 0.000 | 0.000 | 0.000  | 33296.000 | 33296.000  | 33296.000    | 33296.000 |
| 1     | 0   | 1     | 0   | 0   | 0   | GET    | /api/organizer/competitions                      | 0.000 | 0.000  | 0.000     | 0.000 | 0.000 | 0.000 | 0.000 | 0.000  | 195.000   | 195.000    | 195.000      | 195.000   |
| 10    | 0   | 9     | 0   | 1   | 0   | POST   | /api/organizer/player/[0-9a-zA-Z]+/disqualified$ | 0.004 | 0.612  | 1.448     | 0.145 | 0.276 | 0.612 | 0.612 | 0.184  | 39.000    | 175.000    | 1494.000     | 149.400   |
| 23    | 0   | 18    | 0   | 5   | 0   | POST   | /api/admin/tenants/add                           | 0.008 | 0.116  | 0.328     | 0.014 | 0.048 | 0.064 | 0.116 | 0.026  | 39.000    | 202.000    | 3542.000     | 154.000   |
| 35    | 0   | 34    | 0   | 1   | 0   | POST   | /api/organizer/players/add                       | 0.012 | 1.044  | 5.420     | 0.155 | 0.304 | 0.976 | 1.044 | 0.249  | 0.000     | 31000.000  | 854689.000   | 24419.686 |
| 132   | 0   | 130   | 0   | 2   | 0   | GET    | /api/organizer/billing                           | 0.004 | 2.720  | 25.804    | 0.195 | 0.488 | 0.888 | 1.844 | 0.342  | 0.000     | 8239.000   | 289345.000   | 2192.008  |
| 146   | 0   | 143   | 0   | 3   | 0   | POST   | /api/organizer/competition/[0-9a-zA-Z]+/finish$  | 0.004 | 8.556  | 77.078    | 0.528 | 1.116 | 1.512 | 4.592 | 0.863  | 0.000     | 39.000     | 3042.000     | 20.836    |
| 152   | 0   | 151   | 0   | 1   | 0   | GET    | /api/organizer/players                           | 0.020 | 5.420  | 55.980    | 0.368 | 0.736 | 1.152 | 3.532 | 0.651  | 0.000     | 811887.000 | 10841733.000 | 71327.191 |
| 159   | 0   | 157   | 0   | 2   | 0   | POST   | /api/organizer/competitions/add                  | 0.004 | 2.728  | 35.297    | 0.222 | 0.576 | 0.896 | 2.029 | 0.364  | 0.000     | 218.000    | 28791.000    | 181.075   |
| 170   | 0   | 164   | 0   | 6   | 0   | POST   | /api/organizer/competition/[0-9a-zA-Z]+/score$   | 0.024 | 4.244  | 93.280    | 0.549 | 1.172 | 2.152 | 3.372 | 0.656  | 0.000     | 62.000     | 9073.000     | 53.371    |
| 171   | 0   | 170   | 0   | 1   | 0   | GET    | /api/admin/tenants/billing                       | 0.004 | 5.084  | 76.029    | 0.445 | 1.576 | 2.565 | 4.548 | 0.867  | 0.000     | 1623.000   | 234022.000   | 1368.550  |
| 1049  | 0   | 1038  | 0   | 11  | 0   | GET    | /api/player/competitions                         | 0.004 | 9.328  | 421.395   | 0.402 | 0.984 | 1.464 | 3.652 | 0.751  | 0.000     | 3804.000   | 1209089.000  | 1152.611  |
| 5557  | 0   | 5421  | 0   | 136 | 0   | GET    | /api/player/competition/[0-9a-zA-Z]+/ranking$    | 0.004 | 12.948 | 5504.826  | 0.991 | 2.152 | 3.152 | 6.056 | 1.207  | 0.000     | 16298.000  | 73505737.000 | 13227.593 |
| 10971 | 0   | 10699 | 0   | 272 | 0   | GET    | /api/player/player/[0-9a-zA-Z]+$                 | 0.004 | 14.976 | 10258.563 | 0.935 | 1.928 | 2.964 | 5.993 | 1.154  | 0.000     | 2492.000   | 10117636.000 | 922.216   |
+-------+-----+-------+-----+-----+-----+--------+--------------------------------------------------+-------+--------+-----------+-------+-------+-------+-------+--------+-----------+------------+--------------+-----------+
