+-------+-----+-------+-----+-----+-----+--------+--------------------------------------------------+-------+--------+-----------+-------+-------+-------+-------+--------+-----------+------------+--------------+-----------+
| COUNT | 1XX |  2XX  | 3XX | 4XX | 5XX | METHOD |                       URI                        |  MIN  |  MAX   |    SUM    |  AVG  |  P90  |  P95  |  P99  | STDDEV | MIN(BODY) | MAX(BODY)  |  SUM(BODY)   | AVG(BODY) |
+-------+-----+-------+-----+-----+-----+--------+--------------------------------------------------+-------+--------+-----------+-------+-------+-------+-------+--------+-----------+------------+--------------+-----------+
| 1     | 0   | 1     | 0   | 0   | 0   | GET    | /css/app.83b4c321.css                            | 0.000 | 0.000  | 0.000     | 0.000 | 0.000 | 0.000 | 0.000 | 0.000  | 4868.000  | 4868.000   | 4868.000     | 4868.000  |
| 1     | 0   | 1     | 0   | 0   | 0   | POST   | /initialize                                      | 5.992 | 5.992  | 5.992     | 5.992 | 5.992 | 5.992 | 5.992 | 0.000  | 37.000    | 37.000     | 37.000       | 37.000    |
| 1     | 0   | 1     | 0   | 0   | 0   | GET    | /index.html                                      | 0.000 | 0.000  | 0.000     | 0.000 | 0.000 | 0.000 | 0.000 | 0.000  | 479.000   | 479.000    | 479.000      | 479.000   |
| 1     | 0   | 1     | 0   | 0   | 0   | GET    | /js/app.3a4ec98c.js                              | 0.000 | 0.000  | 0.000     | 0.000 | 0.000 | 0.000 | 0.000 | 0.000  | 33296.000 | 33296.000  | 33296.000    | 33296.000 |
| 1     | 0   | 1     | 0   | 0   | 0   | GET    | /api/organizer/competitions                      | 0.000 | 0.000  | 0.000     | 0.000 | 0.000 | 0.000 | 0.000 | 0.000  | 128.000   | 128.000    | 128.000      | 128.000   |
| 11    | 0   | 10    | 0   | 1   | 0   | POST   | /api/organizer/player/[0-9a-zA-Z]+/disqualified$ | 0.004 | 0.152  | 0.500     | 0.045 | 0.100 | 0.152 | 0.152 | 0.050  | 30.000    | 128.000    | 1168.000     | 106.182   |
| 30    | 0   | 25    | 0   | 5   | 0   | POST   | /api/admin/tenants/add                           | 0.004 | 1.552  | 1.808     | 0.060 | 0.028 | 0.064 | 1.552 | 0.277  | 30.000    | 153.000    | 3454.000     | 115.133   |
| 44    | 0   | 44    | 0   | 0   | 0   | POST   | /api/organizer/players/add                       | 0.012 | 1.124  | 5.800     | 0.132 | 0.384 | 0.576 | 1.124 | 0.212  | 9522.000  | 20677.000  | 727381.000   | 16531.386 |
| 215   | 0   | 214   | 0   | 1   | 0   | GET    | /api/organizer/billing                           | 0.004 | 2.540  | 42.132    | 0.196 | 0.420 | 0.836 | 2.108 | 0.375  | 0.000     | 5970.000   | 311578.000   | 1449.200  |
| 230   | 0   | 228   | 0   | 2   | 0   | POST   | /api/organizer/competition/[0-9a-zA-Z]+/finish$  | 0.004 | 8.404  | 130.992   | 0.570 | 1.356 | 1.892 | 6.008 | 1.020  | 0.000     | 30.000     | 3678.000     | 15.991    |
| 246   | 0   | 244   | 0   | 2   | 0   | GET    | /api/organizer/players                           | 0.016 | 2.396  | 112.457   | 0.457 | 0.852 | 1.076 | 2.008 | 0.373  | 0.000     | 547808.000 | 9757522.000  | 39664.724 |
| 251   | 0   | 248   | 0   | 3   | 0   | POST   | /api/organizer/competitions/add                  | 0.004 | 2.892  | 41.096    | 0.164 | 0.360 | 0.568 | 1.872 | 0.308  | 0.000     | 168.000    | 33419.000    | 133.143   |
| 259   | 0   | 258   | 0   | 1   | 0   | GET    | /api/admin/tenants/billing                       | 0.008 | 7.388  | 73.665    | 0.284 | 0.672 | 1.264 | 5.628 | 0.869  | 0.000     | 1087.000   | 223175.000   | 861.680   |
| 263   | 0   | 253   | 0   | 10  | 0   | POST   | /api/organizer/competition/[0-9a-zA-Z]+/score$   | 0.008 | 8.008  | 158.148   | 0.601 | 1.376 | 1.904 | 3.800 | 0.848  | 0.000     | 53.000     | 9276.000     | 35.270    |
| 2058  | 0   | 2024  | 0   | 34  | 0   | GET    | /api/player/competitions                         | 0.004 | 7.420  | 561.825   | 0.273 | 0.640 | 1.088 | 2.736 | 0.529  | 0.000     | 2666.000   | 1453003.000  | 706.027   |
| 9949  | 0   | 9692  | 0   | 257 | 0   | GET    | /api/player/competition/[0-9a-zA-Z]+/ranking$    | 0.004 | 13.764 | 7826.929  | 0.787 | 1.728 | 2.596 | 5.300 | 1.043  | 0.000     | 10822.000  | 80215920.000 | 8062.712  |
| 19718 | 0   | 19182 | 0   | 536 | 0   | GET    | /api/player/player/[0-9a-zA-Z]+$                 | 0.004 | 14.104 | 15475.688 | 0.785 | 1.628 | 2.568 | 5.344 | 1.020  | 0.000     | 1525.000   | 12956039.000 | 657.067   |
+-------+-----+-------+-----+-----+-----+--------+--------------------------------------------------+-------+--------+-----------+-------+-------+-------+-------+--------+-----------+------------+--------------+-----------+
