+-------+-----+-----+-----+-----+-----+--------+-----------------------------------------------+-------+--------+----------+--------+--------+--------+--------+--------+-----------+------------+-------------+-----------+
| COUNT | 1XX | 2XX | 3XX | 4XX | 5XX | METHOD |                      URI                      |  MIN  |  MAX   |   SUM    |  AVG   |  P90   |  P95   |  P99   | STDDEV | MIN(BODY) | MAX(BODY)  |  SUM(BODY)  | AVG(BODY) |
+-------+-----+-----+-----+-----+-----+--------+-----------------------------------------------+-------+--------+----------+--------+--------+--------+--------+--------+-----------+------------+-------------+-----------+
| 1     | 0   | 1   | 0   | 0   | 0   | GET    | /css/app.83b4c321.css                         | 0.000 | 0.000  | 0.000    | 0.000  | 0.000  | 0.000  | 0.000  | 0.000  | 4868.000  | 4868.000   | 4868.000    | 4868.000  |
| 1     | 0   | 1   | 0   | 0   | 0   | POST   | /initialize                                   | 2.432 | 2.432  | 2.432    | 2.432  | 2.432  | 2.432  | 2.432  | 0.000  | 55.000    | 55.000     | 55.000      | 55.000    |
| 1     | 0   | 1   | 0   | 0   | 0   | GET    | /index.html                                   | 0.000 | 0.000  | 0.000    | 0.000  | 0.000  | 0.000  | 0.000  | 0.000  | 479.000   | 479.000    | 479.000     | 479.000   |
| 1     | 0   | 1   | 0   | 0   | 0   | GET    | /js/app.3a4ec98c.js                           | 0.000 | 0.000  | 0.000    | 0.000  | 0.000  | 0.000  | 0.000  | 0.000  | 33296.000 | 33296.000  | 33296.000   | 33296.000 |
| 1     | 0   | 1   | 0   | 0   | 0   | GET    | /api/organizer/competitions                   | 0.000 | 0.000  | 0.000    | 0.000  | 0.000  | 0.000  | 0.000  | 0.000  | 177.000   | 177.000    | 177.000     | 177.000   |
| 6     | 0   | 5   | 0   | 1   | 0   | POST   | /api/organizer/player/[0-9a-z]+/disqualified$ | 0.004 | 0.056  | 0.096    | 0.016  | 0.056  | 0.056  | 0.056  | 0.018  | 39.000    | 162.000    | 826.000     | 137.667   |
| 20    | 0   | 19  | 0   | 1   | 0   | GET    | /api/organizer/billing                        | 0.004 | 30.000 | 34.112   | 1.706  | 0.400  | 1.276  | 30.000 | 6.496  | 0.000     | 3565.000   | 13038.000   | 651.900   |
| 27    | 0   | 26  | 0   | 1   | 0   | POST   | /api/organizer/competition/[0-9a-z]+/finish$  | 0.004 | 9.596  | 13.724   | 0.508  | 0.708  | 0.736  | 9.596  | 1.791  | 21.000    | 39.000     | 585.000     | 21.667    |
| 37    | 0   | 32  | 0   | 5   | 0   | POST   | /api/admin/tenants/add                        | 0.004 | 0.052  | 0.400    | 0.011  | 0.024  | 0.044  | 0.052  | 0.011  | 39.000    | 206.000    | 6061.000    | 163.811   |
| 38    | 0   | 26  | 0   | 12  | 0   | POST   | /api/organizer/players/add                    | 0.484 | 28.520 | 318.544  | 8.383  | 19.644 | 24.116 | 28.520 | 7.200  | 0.000     | 26492.000  | 542523.000  | 14276.921 |
| 47    | 0   | 47  | 0   | 0   | 0   | GET    | /api/organizer/players                        | 0.024 | 0.300  | 5.464    | 0.116  | 0.208  | 0.256  | 0.300  | 0.069  | 6442.000  | 602067.000 | 2141534.000 | 45564.553 |
| 53    | 0   | 52  | 0   | 1   | 0   | POST   | /api/organizer/competitions/add               | 0.004 | 0.760  | 4.416    | 0.083  | 0.168  | 0.240  | 0.760  | 0.111  | 39.000    | 195.000    | 8590.000    | 162.075   |
| 62    | 0   | 37  | 0   | 25  | 0   | POST   | /api/organizer/competition/[0-9a-z]+/score$   | 0.004 | 30.004 | 711.742  | 11.480 | 25.364 | 29.792 | 30.004 | 9.668  | 0.000     | 62.000     | 2210.000    | 35.645    |
| 259   | 0   | 253 | 0   | 6   | 0   | GET    | /api/player/competitions                      | 0.004 | 0.656  | 22.728   | 0.088  | 0.172  | 0.284  | 0.500  | 0.096  | 0.000     | 2788.000   | 111714.000  | 431.328   |
| 355   | 0   | 354 | 0   | 1   | 0   | GET    | /api/admin/tenants/billing                    | 0.004 | 1.680  | 58.222   | 0.164  | 0.400  | 0.516  | 1.068  | 0.197  | 0.000     | 1589.000   | 485087.000  | 1366.442  |
| 507   | 0   | 459 | 0   | 48  | 0   | GET    | /api/player/player/[0-9a-z]+$                 | 0.004 | 30.004 | 1096.856 | 2.163  | 5.556  | 18.688 | 28.716 | 5.789  | 0.000     | 1752.000   | 216942.000  | 427.893   |
| 842   | 0   | 562 | 0   | 280 | 0   | GET    | /api/player/competition/[0-9a-z]+/ranking$    | 0.008 | 30.004 | 9899.180 | 11.757 | 29.780 | 30.000 | 30.000 | 10.170 | 0.000     | 14566.000  | 6304611.000 | 7487.662  |
+-------+-----+-----+-----+-----+-----+--------+-----------------------------------------------+-------+--------+----------+--------+--------+--------+--------+--------+-----------+------------+-------------+-----------+
