+-------+-----+-----+-----+-----+-----+--------+-----------------------------------------------+-------+--------+----------+-------+--------+--------+--------+--------+-----------+------------+-------------+-----------+
| COUNT | 1XX | 2XX | 3XX | 4XX | 5XX | METHOD |                      URI                      |  MIN  |  MAX   |   SUM    |  AVG  |  P90   |  P95   |  P99   | STDDEV | MIN(BODY) | MAX(BODY)  |  SUM(BODY)  | AVG(BODY) |
+-------+-----+-----+-----+-----+-----+--------+-----------------------------------------------+-------+--------+----------+-------+--------+--------+--------+--------+-----------+------------+-------------+-----------+
| 1     | 0   | 1   | 0   | 0   | 0   | POST   | /initialize                                   | 2.424 | 2.424  | 2.424    | 2.424 | 2.424  | 2.424  | 2.424  | 0.000  | 55.000    | 55.000     | 55.000      | 55.000    |
| 1     | 0   | 1   | 0   | 0   | 0   | GET    | /index.html                                   | 0.000 | 0.000  | 0.000    | 0.000 | 0.000  | 0.000  | 0.000  | 0.000  | 479.000   | 479.000    | 479.000     | 479.000   |
| 1     | 0   | 1   | 0   | 0   | 0   | GET    | /js/app.3a4ec98c.js                           | 0.000 | 0.000  | 0.000    | 0.000 | 0.000  | 0.000  | 0.000  | 0.000  | 33296.000 | 33296.000  | 33296.000   | 33296.000 |
| 1     | 0   | 1   | 0   | 0   | 0   | GET    | /css/app.83b4c321.css                         | 0.000 | 0.000  | 0.000    | 0.000 | 0.000  | 0.000  | 0.000  | 0.000  | 4868.000  | 4868.000   | 4868.000    | 4868.000  |
| 1     | 0   | 1   | 0   | 0   | 0   | GET    | /api/organizer/competitions                   | 0.004 | 0.004  | 0.004    | 0.004 | 0.004  | 0.004  | 0.004  | 0.000  | 177.000   | 177.000    | 177.000     | 177.000   |
| 9     | 0   | 9   | 0   | 0   | 0   | POST   | /api/organizer/players/add                    | 0.536 | 1.988  | 9.832    | 1.092 | 1.988  | 1.988  | 1.988  | 0.491  | 12150.000 | 26268.000  | 175935.000  | 19548.333 |
| 11    | 0   | 6   | 0   | 5   | 0   | POST   | /api/admin/tenants/add                        | 0.004 | 0.012  | 0.064    | 0.006 | 0.012  | 0.012  | 0.012  | 0.004  | 39.000    | 215.000    | 1341.000    | 121.909   |
| 12    | 0   | 10  | 0   | 2   | 0   | GET    | /api/admin/tenants/billing                    | 2.584 | 15.736 | 110.400  | 9.200 | 12.016 | 15.736 | 15.736 | 3.428  | 0.000     | 1569.000   | 15182.000   | 1265.167  |
| 19    | 0   | 18  | 0   | 1   | 0   | POST   | /api/organizer/player/[0-9a-z]+/disqualified$ | 0.004 | 0.024  | 0.124    | 0.007 | 0.012  | 0.024  | 0.024  | 0.005  | 39.000    | 163.000    | 2853.000    | 150.158   |
| 26    | 0   | 26  | 0   | 0   | 0   | GET    | /api/organizer/billing                        | 0.004 | 10.820 | 26.660   | 1.025 | 3.208  | 3.348  | 10.820 | 2.192  | 323.000   | 4429.000   | 53203.000   | 2046.269  |
| 32    | 0   | 32  | 0   | 0   | 0   | GET    | /api/organizer/players                        | 0.020 | 0.072  | 1.256    | 0.039 | 0.056  | 0.060  | 0.072  | 0.012  | 3088.000  | 100663.000 | 740135.000  | 23129.219 |
| 46    | 0   | 45  | 0   | 1   | 0   | POST   | /api/organizer/competition/[0-9a-z]+/finish$  | 0.004 | 0.036  | 0.284    | 0.006 | 0.008  | 0.008  | 0.036  | 0.005  | 21.000    | 39.000     | 984.000     | 21.391    |
| 49    | 0   | 48  | 0   | 1   | 0   | POST   | /api/organizer/competitions/add               | 0.004 | 0.024  | 0.428    | 0.009 | 0.016  | 0.020  | 0.024  | 0.005  | 39.000    | 189.000    | 7960.000    | 162.449   |
| 71    | 0   | 65  | 0   | 6   | 0   | POST   | /api/organizer/competition/[0-9a-z]+/score$   | 0.016 | 4.796  | 52.936   | 0.746 | 2.076  | 2.272  | 4.796  | 0.863  | 0.000     | 62.000     | 3693.000    | 52.014    |
| 145   | 0   | 129 | 0   | 16  | 0   | GET    | /api/player/competitions                      | 0.004 | 0.056  | 2.200    | 0.015 | 0.032  | 0.040  | 0.048  | 0.012  | 39.000    | 2807.000   | 175082.000  | 1207.462  |
| 585   | 0   | 550 | 0   | 35  | 0   | GET    | /api/player/player/[0-9a-z]+$                 | 0.028 | 11.296 | 1020.020 | 1.744 | 3.964  | 4.792  | 11.176 | 2.166  | 0.000     | 1747.000   | 438667.000  | 749.858   |
| 790   | 0   | 746 | 0   | 44  | 0   | GET    | /api/player/competition/[0-9a-z]+/ranking$    | 0.004 | 11.320 | 1025.624 | 1.298 | 3.748  | 4.628  | 8.044  | 1.866  | 0.000     | 14711.000  | 6742119.000 | 8534.328  |
+-------+-----+-----+-----+-----+-----+--------+-----------------------------------------------+-------+--------+----------+-------+--------+--------+--------+--------+-----------+------------+-------------+-----------+
