+-------+-----+------+-----+-----+-----+--------+--------------------------------------------------+-------+--------+----------+-------+--------+--------+--------+--------+-----------+------------+--------------+-----------+
| COUNT | 1XX | 2XX  | 3XX | 4XX | 5XX | METHOD |                       URI                        |  MIN  |  MAX   |   SUM    |  AVG  |  P90   |  P95   |  P99   | STDDEV | MIN(BODY) | MAX(BODY)  |  SUM(BODY)   | AVG(BODY) |
+-------+-----+------+-----+-----+-----+--------+--------------------------------------------------+-------+--------+----------+-------+--------+--------+--------+--------+-----------+------------+--------------+-----------+
| 1     | 0   | 1    | 0   | 0   | 0   | GET    | /css/app.83b4c321.css                            | 0.000 | 0.000  | 0.000    | 0.000 | 0.000  | 0.000  | 0.000  | 0.000  | 4868.000  | 4868.000   | 4868.000     | 4868.000  |
| 1     | 0   | 1    | 0   | 0   | 0   | POST   | /initialize                                      | 2.896 | 2.896  | 2.896    | 2.896 | 2.896  | 2.896  | 2.896  | 0.000  | 55.000    | 55.000     | 55.000       | 55.000    |
| 1     | 0   | 1    | 0   | 0   | 0   | GET    | /index.html                                      | 0.000 | 0.000  | 0.000    | 0.000 | 0.000  | 0.000  | 0.000  | 0.000  | 479.000   | 479.000    | 479.000      | 479.000   |
| 1     | 0   | 1    | 0   | 0   | 0   | GET    | /js/app.3a4ec98c.js                              | 0.000 | 0.000  | 0.000    | 0.000 | 0.000  | 0.000  | 0.000  | 0.000  | 33296.000 | 33296.000  | 33296.000    | 33296.000 |
| 1     | 0   | 1    | 0   | 0   | 0   | GET    | /api/organizer/competitions                      | 0.000 | 0.000  | 0.000    | 0.000 | 0.000  | 0.000  | 0.000  | 0.000  | 195.000   | 195.000    | 195.000      | 195.000   |
| 9     | 0   | 8    | 0   | 1   | 0   | POST   | /api/organizer/player/[0-9a-zA-Z]+/disqualified$ | 0.004 | 0.160  | 0.388    | 0.043 | 0.160  | 0.160  | 0.160  | 0.060  | 39.000    | 175.000    | 1323.000     | 147.000   |
| 24    | 0   | 24   | 0   | 0   | 0   | POST   | /api/organizer/players/add                       | 0.012 | 0.220  | 1.500    | 0.062 | 0.164  | 0.212  | 0.220  | 0.062  | 13950.000 | 31260.000  | 581089.000   | 24212.042 |
| 27    | 0   | 22   | 0   | 5   | 0   | POST   | /api/admin/tenants/add                           | 0.004 | 0.196  | 0.480    | 0.018 | 0.028  | 0.060  | 0.196  | 0.037  | 39.000    | 217.000    | 4306.000     | 159.481   |
| 64    | 0   | 63   | 0   | 1   | 0   | GET    | /api/organizer/billing                           | 0.004 | 30.004 | 58.773   | 0.918 | 1.256  | 1.796  | 30.004 | 3.701  | 350.000   | 5203.000   | 66043.000    | 1031.922  |
| 77    | 0   | 76   | 0   | 1   | 0   | POST   | /api/organizer/competition/[0-9a-zA-Z]+/finish$  | 0.004 | 16.729 | 35.433   | 0.460 | 0.588  | 0.944  | 16.729 | 1.922  | 21.000    | 39.000     | 1635.000     | 21.234    |
| 90    | 0   | 90   | 0   | 0   | 0   | GET    | /api/organizer/players                           | 0.020 | 0.800  | 15.569   | 0.173 | 0.312  | 0.344  | 0.800  | 0.132  | 3088.000  | 602067.000 | 3292075.000  | 36578.611 |
| 100   | 0   | 99   | 0   | 1   | 0   | POST   | /api/organizer/competitions/add                  | 0.004 | 1.468  | 7.512    | 0.075 | 0.140  | 0.172  | 0.940  | 0.174  | 39.000    | 205.000    | 18082.000    | 180.820   |
| 112   | 0   | 87   | 0   | 25  | 0   | POST   | /api/organizer/competition/[0-9a-zA-Z]+/score$   | 0.044 | 29.992 | 730.583  | 6.523 | 20.176 | 22.576 | 27.724 | 7.645  | 0.000     | 62.000     | 4896.000     | 43.714    |
| 222   | 0   | 220  | 0   | 2   | 0   | GET    | /api/admin/tenants/billing                       | 0.004 | 2.880  | 68.001   | 0.306 | 0.824  | 1.060  | 2.312  | 0.441  | 0.000     | 1658.000   | 303124.000   | 1365.423  |
| 2929  | 0   | 2908 | 0   | 21  | 0   | GET    | /api/player/competitions                         | 0.004 | 3.884  | 560.437  | 0.191 | 0.404  | 0.592  | 1.484  | 0.296  | 0.000     | 2818.000   | 1852121.000  | 632.339   |
| 7709  | 0   | 7587 | 0   | 122 | 0   | GET    | /api/player/competition/[0-9a-zA-Z]+/ranking$    | 0.004 | 5.264  | 3002.140 | 0.389 | 0.812  | 1.140  | 2.248  | 0.440  | 0.000     | 16277.000  | 45983756.000 | 5964.944  |
| 7752  | 0   | 7632 | 0   | 120 | 0   | GET    | /api/player/player/[0-9a-zA-Z]+$                 | 0.004 | 5.824  | 2716.465 | 0.350 | 0.720  | 1.012  | 2.096  | 0.398  | 0.000     | 2265.000   | 4707793.000  | 607.300   |
+-------+-----+------+-----+-----+-----+--------+--------------------------------------------------+-------+--------+----------+-------+--------+--------+--------+--------+-----------+------------+--------------+-----------+
