+-------+-----+------+-----+-----+-----+--------+--------------------------------------------------+-------+--------+----------+-------+--------+--------+--------+--------+-----------+------------+--------------+-----------+
| COUNT | 1XX | 2XX  | 3XX | 4XX | 5XX | METHOD |                       URI                        |  MIN  |  MAX   |   SUM    |  AVG  |  P90   |  P95   |  P99   | STDDEV | MIN(BODY) | MAX(BODY)  |  SUM(BODY)   | AVG(BODY) |
+-------+-----+------+-----+-----+-----+--------+--------------------------------------------------+-------+--------+----------+-------+--------+--------+--------+--------+-----------+------------+--------------+-----------+
| 1     | 0   | 1    | 0   | 0   | 0   | GET    | /css/app.83b4c321.css                            | 0.000 | 0.000  | 0.000    | 0.000 | 0.000  | 0.000  | 0.000  | 0.000  | 4868.000  | 4868.000   | 4868.000     | 4868.000  |
| 1     | 0   | 1    | 0   | 0   | 0   | POST   | /initialize                                      | 2.584 | 2.584  | 2.584    | 2.584 | 2.584  | 2.584  | 2.584  | 0.000  | 55.000    | 55.000     | 55.000       | 55.000    |
| 1     | 0   | 1    | 0   | 0   | 0   | GET    | /index.html                                      | 0.000 | 0.000  | 0.000    | 0.000 | 0.000  | 0.000  | 0.000  | 0.000  | 479.000   | 479.000    | 479.000      | 479.000   |
| 1     | 0   | 1    | 0   | 0   | 0   | GET    | /js/app.3a4ec98c.js                              | 0.000 | 0.000  | 0.000    | 0.000 | 0.000  | 0.000  | 0.000  | 0.000  | 33296.000 | 33296.000  | 33296.000    | 33296.000 |
| 1     | 0   | 1    | 0   | 0   | 0   | GET    | /api/organizer/competitions                      | 0.000 | 0.000  | 0.000    | 0.000 | 0.000  | 0.000  | 0.000  | 0.000  | 195.000   | 195.000    | 195.000      | 195.000   |
| 9     | 0   | 8    | 0   | 1   | 0   | POST   | /api/organizer/player/[0-9a-zA-Z]+/disqualified$ | 0.004 | 0.188  | 0.404    | 0.045 | 0.188  | 0.188  | 0.188  | 0.058  | 39.000    | 175.000    | 1323.000     | 147.000   |
| 24    | 0   | 24   | 0   | 0   | 0   | POST   | /api/organizer/players/add                       | 0.012 | 0.488  | 1.820    | 0.076 | 0.180  | 0.216  | 0.488  | 0.100  | 13950.000 | 31260.000  | 588889.000   | 24537.042 |
| 27    | 0   | 22   | 0   | 5   | 0   | POST   | /api/admin/tenants/add                           | 0.012 | 0.160  | 0.496    | 0.018 | 0.052  | 0.060  | 0.160  | 0.032  | 39.000    | 203.000    | 4313.000     | 159.741   |
| 62    | 0   | 58   | 0   | 4   | 0   | GET    | /api/organizer/billing                           | 0.004 | 30.000 | 65.484   | 1.056 | 1.504  | 1.688  | 30.000 | 3.798  | 0.000     | 4867.000   | 59851.000    | 965.339   |
| 75    | 0   | 73   | 0   | 2   | 0   | POST   | /api/organizer/competition/[0-9a-zA-Z]+/finish$  | 0.008 | 15.660 | 33.540   | 0.447 | 0.640  | 0.868  | 15.660 | 1.786  | 0.000     | 39.000     | 1572.000     | 20.960    |
| 85    | 0   | 85   | 0   | 0   | 0   | GET    | /api/organizer/players                           | 0.024 | 0.816  | 15.540   | 0.183 | 0.288  | 0.472  | 0.816  | 0.135  | 2458.000  | 602067.000 | 3282553.000  | 38618.271 |
| 94    | 0   | 92   | 0   | 2   | 0   | POST   | /api/organizer/competitions/add                  | 0.004 | 1.208  | 6.928    | 0.074 | 0.180  | 0.292  | 1.208  | 0.153  | 0.000     | 212.000    | 16826.000    | 179.000   |
| 105   | 0   | 85   | 0   | 20  | 0   | POST   | /api/organizer/competition/[0-9a-zA-Z]+/score$   | 0.012 | 27.968 | 719.824  | 6.855 | 19.792 | 22.116 | 27.412 | 7.741  | 0.000     | 62.000     | 4791.000     | 45.629    |
| 220   | 0   | 219  | 0   | 1   | 0   | GET    | /api/admin/tenants/billing                       | 0.004 | 3.000  | 63.888   | 0.290 | 0.720  | 0.928  | 1.536  | 0.378  | 0.000     | 1645.000   | 301873.000   | 1372.150  |
| 2987  | 0   | 2966 | 0   | 21  | 0   | GET    | /api/player/competitions                         | 0.004 | 3.124  | 519.124  | 0.174 | 0.392  | 0.544  | 1.112  | 0.220  | 0.000     | 2810.000   | 1878033.000  | 628.736   |
| 7232  | 0   | 7143 | 0   | 89  | 0   | GET    | /api/player/player/[0-9a-zA-Z]+$                 | 0.004 | 3.568  | 2435.604 | 0.337 | 0.696  | 0.948  | 1.720  | 0.341  | 0.000     | 2248.000   | 4387844.000  | 606.726   |
| 7652  | 0   | 7568 | 0   | 84  | 0   | GET    | /api/player/competition/[0-9a-zA-Z]+/ranking$    | 0.004 | 4.396  | 2745.556 | 0.359 | 0.752  | 1.012  | 1.816  | 0.360  | 0.000     | 16268.000  | 43183542.000 | 5643.432  |
+-------+-----+------+-----+-----+-----+--------+--------------------------------------------------+-------+--------+----------+-------+--------+--------+--------+--------+-----------+------------+--------------+-----------+
