+-------+-----+-------+-----+-----+-----+--------+----------------------------------------------------+-------+--------+-----------+-------+-------+-------+-------+--------+-----------+------------+---------------+-----------+
| COUNT | 1XX |  2XX  | 3XX | 4XX | 5XX | METHOD |                        URI                         |  MIN  |  MAX   |    SUM    |  AVG  |  P90  |  P95  |  P99  | STDDEV | MIN(BODY) | MAX(BODY)  |   SUM(BODY)   | AVG(BODY) |
+-------+-----+-------+-----+-----+-----+--------+----------------------------------------------------+-------+--------+-----------+-------+-------+-------+-------+--------+-----------+------------+---------------+-----------+
| 1     | 0   | 1     | 0   | 0   | 0   | GET    | /css/app.83b4c321.css                              | 0.000 | 0.000  | 0.000     | 0.000 | 0.000 | 0.000 | 0.000 | 0.000  | 4868.000  | 4868.000   | 4868.000      | 4868.000  |
| 1     | 0   | 1     | 0   | 0   | 0   | POST   | /initialize                                        | 5.792 | 5.792  | 5.792     | 5.792 | 5.792 | 5.792 | 5.792 | 0.000  | 37.000    | 37.000     | 37.000        | 37.000    |
| 1     | 0   | 1     | 0   | 0   | 0   | GET    | /index.html                                        | 0.000 | 0.000  | 0.000     | 0.000 | 0.000 | 0.000 | 0.000 | 0.000  | 479.000   | 479.000    | 479.000       | 479.000   |
| 1     | 0   | 1     | 0   | 0   | 0   | GET    | /js/app.3a4ec98c.js                                | 0.000 | 0.000  | 0.000     | 0.000 | 0.000 | 0.000 | 0.000 | 0.000  | 33296.000 | 33296.000  | 33296.000     | 33296.000 |
| 1     | 0   | 1     | 0   | 0   | 0   | GET    | /api/organizer/competitions                        | 0.000 | 0.000  | 0.000     | 0.000 | 0.000 | 0.000 | 0.000 | 0.000  | 138.000   | 138.000    | 138.000       | 138.000   |
| 13    | 0   | 12    | 0   | 1   | 0   | POST   | /api/organizer/player/[0-9a-zA-Z\-]+/disqualified$ | 0.004 | 0.044  | 0.216     | 0.017 | 0.040 | 0.044 | 0.044 | 0.014  | 30.000    | 138.000    | 1401.000      | 107.769   |
| 61    | 0   | 56    | 0   | 5   | 0   | POST   | /api/admin/tenants/add                             | 0.004 | 0.060  | 0.436     | 0.007 | 0.020 | 0.036 | 0.060 | 0.013  | 30.000    | 153.000    | 7590.000      | 124.426   |
| 80    | 0   | 80    | 0   | 0   | 0   | POST   | /api/organizer/players/add                         | 0.004 | 0.192  | 2.076     | 0.026 | 0.056 | 0.068 | 0.192 | 0.029  | 10527.000 | 23077.000  | 1484611.000   | 18557.638 |
| 628   | 0   | 627   | 0   | 1   | 0   | GET    | /api/organizer/billing                             | 0.004 | 9.360  | 90.068    | 0.143 | 0.296 | 0.516 | 1.608 | 0.526  | 0.000     | 6742.000   | 991279.000    | 1578.470  |
| 649   | 0   | 644   | 0   | 5   | 0   | POST   | /api/organizer/competition/[0-9a-zA-Z\-]+/finish$  | 0.004 | 17.076 | 282.244   | 0.435 | 0.972 | 1.596 | 4.376 | 0.973  | 0.000     | 30.000     | 10334.000     | 15.923    |
| 693   | 0   | 690   | 0   | 3   | 0   | GET    | /api/organizer/players                             | 0.016 | 0.672  | 152.324   | 0.220 | 0.428 | 0.496 | 0.588 | 0.143  | 0.000     | 630832.000 | 20653093.000  | 29802.443 |
| 696   | 0   | 691   | 0   | 5   | 0   | POST   | /api/organizer/competitions/add                    | 0.004 | 5.168  | 99.136    | 0.142 | 0.284 | 0.568 | 1.880 | 0.371  | 0.000     | 185.000    | 100338.000    | 144.164   |
| 708   | 0   | 700   | 0   | 8   | 0   | POST   | /api/organizer/competition/[0-9a-zA-Z\-]+/score$   | 0.004 | 5.148  | 255.388   | 0.361 | 0.760 | 1.004 | 1.900 | 0.410  | 0.000     | 53.000     | 25370.000     | 35.833    |
| 742   | 0   | 741   | 0   | 1   | 0   | GET    | /api/admin/tenants/billing                         | 0.004 | 3.980  | 69.568    | 0.094 | 0.068 | 0.296 | 3.004 | 0.422  | 0.000     | 1157.000   | 656616.000    | 884.927   |
| 5267  | 0   | 5240  | 0   | 27  | 0   | GET    | /api/player/competitions                           | 0.004 | 13.864 | 851.692   | 0.162 | 0.328 | 0.600 | 1.812 | 0.535  | 0.000     | 3003.000   | 4310537.000   | 818.405   |
| 32781 | 0   | 31983 | 0   | 798 | 0   | GET    | /api/player/competition/[0-9a-zA-Z\-]+/ranking$    | 0.004 | 14.920 | 22557.800 | 0.688 | 1.556 | 2.464 | 5.820 | 1.123  | 0.000     | 11838.000  | 315806005.000 | 9633.812  |
| 72541 | 0   | 71749 | 0   | 792 | 0   | GET    | /api/player/player/[0-9a-zA-Z\-]+$                 | 0.004 | 13.248 | 21633.404 | 0.298 | 0.632 | 1.076 | 3.528 | 0.690  | 0.000     | 1528.000   | 55201762.000  | 760.973   |
+-------+-----+-------+-----+-----+-----+--------+----------------------------------------------------+-------+--------+-----------+-------+-------+-------+-------+--------+-----------+------------+---------------+-----------+
