+-------+-----+------+-----+-----+-----+--------+-----------------------------------------------+-------+--------+----------+--------+--------+--------+--------+--------+-----------+------------+--------------+-----------+
| COUNT | 1XX | 2XX  | 3XX | 4XX | 5XX | METHOD |                      URI                      |  MIN  |  MAX   |   SUM    |  AVG   |  P90   |  P95   |  P99   | STDDEV | MIN(BODY) | MAX(BODY)  |  SUM(BODY)   | AVG(BODY) |
+-------+-----+------+-----+-----+-----+--------+-----------------------------------------------+-------+--------+----------+--------+--------+--------+--------+--------+-----------+------------+--------------+-----------+
| 1     | 0   | 1    | 0   | 0   | 0   | GET    | /css/app.83b4c321.css                         | 0.000 | 0.000  | 0.000    | 0.000  | 0.000  | 0.000  | 0.000  | 0.000  | 4868.000  | 4868.000   | 4868.000     | 4868.000  |
| 1     | 0   | 1    | 0   | 0   | 0   | POST   | /initialize                                   | 2.872 | 2.872  | 2.872    | 2.872  | 2.872  | 2.872  | 2.872  | 0.000  | 55.000    | 55.000     | 55.000       | 55.000    |
| 1     | 0   | 1    | 0   | 0   | 0   | GET    | /index.html                                   | 0.000 | 0.000  | 0.000    | 0.000  | 0.000  | 0.000  | 0.000  | 0.000  | 479.000   | 479.000    | 479.000      | 479.000   |
| 1     | 0   | 1    | 0   | 0   | 0   | GET    | /js/app.3a4ec98c.js                           | 0.000 | 0.000  | 0.000    | 0.000  | 0.000  | 0.000  | 0.000  | 0.000  | 33296.000 | 33296.000  | 33296.000    | 33296.000 |
| 1     | 0   | 1    | 0   | 0   | 0   | GET    | /api/organizer/competitions                   | 0.004 | 0.004  | 0.004    | 0.004  | 0.004  | 0.004  | 0.004  | 0.000  | 177.000   | 177.000    | 177.000      | 177.000   |
| 7     | 0   | 6    | 0   | 1   | 0   | POST   | /api/organizer/player/[0-9a-z]+/disqualified$ | 0.004 | 0.060  | 0.116    | 0.017  | 0.060  | 0.060  | 0.060  | 0.020  | 39.000    | 159.000    | 974.000      | 139.143   |
| 18    | 0   | 16   | 0   | 2   | 0   | GET    | /api/organizer/billing                        | 0.016 | 30.001 | 38.333   | 2.130  | 1.776  | 30.001 | 30.001 | 6.777  | 0.000     | 4874.000   | 16497.000    | 916.500   |
| 26    | 0   | 25   | 0   | 1   | 0   | POST   | /api/organizer/competition/[0-9a-z]+/finish$  | 0.012 | 6.940  | 15.040   | 0.578  | 1.132  | 1.664  | 6.940  | 1.325  | 21.000    | 39.000     | 564.000      | 21.692    |
| 28    | 0   | 23   | 0   | 5   | 0   | POST   | /api/admin/tenants/add                        | 0.004 | 0.144  | 0.472    | 0.017  | 0.028  | 0.100  | 0.144  | 0.031  | 39.000    | 214.000    | 4507.000     | 160.964   |
| 31    | 0   | 21   | 0   | 10  | 0   | POST   | /api/organizer/players/add                    | 0.284 | 17.880 | 199.050  | 6.421  | 13.996 | 15.460 | 17.880 | 5.592  | 0.000     | 26716.000  | 440751.000   | 14217.774 |
| 39    | 0   | 39   | 0   | 0   | 0   | GET    | /api/organizer/players                        | 0.020 | 0.756  | 5.796    | 0.149  | 0.276  | 0.388  | 0.756  | 0.126  | 3582.000  | 602067.000 | 1921356.000  | 49265.538 |
| 46    | 0   | 45   | 0   | 1   | 0   | POST   | /api/organizer/competitions/add               | 0.004 | 0.576  | 4.312    | 0.094  | 0.336  | 0.456  | 0.576  | 0.136  | 39.000    | 189.000    | 7444.000     | 161.826   |
| 56    | 0   | 32   | 0   | 24  | 0   | POST   | /api/organizer/competition/[0-9a-z]+/score$   | 0.004 | 30.001 | 671.187  | 11.985 | 30.001 | 30.001 | 30.001 | 11.740 | 0.000     | 62.000     | 1934.000     | 34.536    |
| 239   | 0   | 238  | 0   | 1   | 0   | GET    | /api/admin/tenants/billing                    | 0.004 | 2.336  | 56.978   | 0.238  | 0.604  | 0.860  | 1.384  | 0.309  | 0.000     | 1649.000   | 328008.000   | 1372.418  |
| 1956  | 0   | 1913 | 0   | 43  | 0   | GET    | /api/player/player/[0-9a-z]+$                 | 0.004 | 2.012  | 524.976  | 0.268  | 0.556  | 0.736  | 1.172  | 0.240  | 0.000     | 2291.000   | 1033297.000  | 528.270   |
| 2979  | 0   | 2959 | 0   | 20  | 0   | GET    | /api/player/competitions                      | 0.004 | 1.340  | 425.286  | 0.143  | 0.308  | 0.432  | 0.812  | 0.155  | 0.000     | 2814.000   | 1075201.000  | 360.927   |
| 5847  | 0   | 5789 | 0   | 58  | 0   | GET    | /api/player/competition/[0-9a-z]+/ranking$    | 0.004 | 2.872  | 1623.440 | 0.278  | 0.576  | 0.752  | 1.232  | 0.255  | 0.000     | 14817.000  | 13365700.000 | 2285.907  |
+-------+-----+------+-----+-----+-----+--------+-----------------------------------------------+-------+--------+----------+--------+--------+--------+--------+--------+-----------+------------+--------------+-----------+
