+-------+-----+-----+-----+-----+-----+--------+-----------------------------------------------+-------+--------+-----------+--------+--------+--------+--------+--------+-----------+------------+-------------+-----------+
| COUNT | 1XX | 2XX | 3XX | 4XX | 5XX | METHOD |                      URI                      |  MIN  |  MAX   |    SUM    |  AVG   |  P90   |  P95   |  P99   | STDDEV | MIN(BODY) | MAX(BODY)  |  SUM(BODY)  | AVG(BODY) |
+-------+-----+-----+-----+-----+-----+--------+-----------------------------------------------+-------+--------+-----------+--------+--------+--------+--------+--------+-----------+------------+-------------+-----------+
| 1     | 0   | 1   | 0   | 0   | 0   | GET    | /css/app.83b4c321.css                         | 0.000 | 0.000  | 0.000     | 0.000  | 0.000  | 0.000  | 0.000  | 0.000  | 4868.000  | 4868.000   | 4868.000    | 4868.000  |
| 1     | 0   | 1   | 0   | 0   | 0   | POST   | /initialize                                   | 2.392 | 2.392  | 2.392     | 2.392  | 2.392  | 2.392  | 2.392  | 0.000  | 55.000    | 55.000     | 55.000      | 55.000    |
| 1     | 0   | 0   | 0   | 1   | 0   | GET    | /                                             | 0.000 | 0.000  | 0.000     | 0.000  | 0.000  | 0.000  | 0.000  | 0.000  | 197.000   | 197.000    | 197.000     | 197.000   |
| 1     | 0   | 1   | 0   | 0   | 0   | GET    | /index.html                                   | 0.000 | 0.000  | 0.000     | 0.000  | 0.000  | 0.000  | 0.000  | 0.000  | 479.000   | 479.000    | 479.000     | 479.000   |
| 1     | 0   | 1   | 0   | 0   | 0   | GET    | /js/app.3a4ec98c.js                           | 0.000 | 0.000  | 0.000     | 0.000  | 0.000  | 0.000  | 0.000  | 0.000  | 33296.000 | 33296.000  | 33296.000   | 33296.000 |
| 1     | 0   | 1   | 0   | 0   | 0   | GET    | /api/organizer/competitions                   | 0.000 | 0.000  | 0.000     | 0.000  | 0.000  | 0.000  | 0.000  | 0.000  | 177.000   | 177.000    | 177.000     | 177.000   |
| 9     | 0   | 8   | 0   | 1   | 0   | POST   | /api/organizer/player/[0-9a-z]+/disqualified$ | 0.004 | 0.172  | 0.256     | 0.028  | 0.172  | 0.172  | 0.172  | 0.051  | 39.000    | 163.000    | 1292.000    | 143.556   |
| 18    | 0   | 17  | 0   | 1   | 0   | GET    | /api/organizer/billing                        | 0.004 | 3.208  | 13.976    | 0.776  | 3.116  | 3.208  | 3.208  | 1.126  | 0.000     | 5361.000   | 15605.000   | 866.944   |
| 27    | 0   | 26  | 0   | 1   | 0   | POST   | /api/organizer/competition/[0-9a-z]+/finish$  | 0.004 | 0.449  | 2.813     | 0.104  | 0.272  | 0.280  | 0.449  | 0.109  | 21.000    | 39.000     | 585.000     | 21.667    |
| 49    | 0   | 43  | 0   | 6   | 0   | POST   | /api/organizer/players/add                    | 0.536 | 9.912  | 283.287   | 5.781  | 8.664  | 8.968  | 9.912  | 2.664  | 0.000     | 26716.000  | 922327.000  | 18823.000 |
| 52    | 0   | 47  | 0   | 5   | 0   | POST   | /api/admin/tenants/add                        | 0.004 | 0.092  | 0.668     | 0.013  | 0.020  | 0.040  | 0.092  | 0.016  | 39.000    | 202.000    | 8974.000    | 172.577   |
| 63    | 0   | 63  | 0   | 0   | 0   | GET    | /api/organizer/players                        | 0.028 | 0.276  | 6.556     | 0.104  | 0.164  | 0.172  | 0.276  | 0.042  | 7859.000  | 602067.000 | 2484492.000 | 39436.381 |
| 71    | 0   | 70  | 0   | 1   | 0   | POST   | /api/organizer/competitions/add               | 0.004 | 0.084  | 2.352     | 0.033  | 0.056  | 0.068  | 0.084  | 0.018  | 39.000    | 192.000    | 11523.000   | 162.296   |
| 83    | 0   | 67  | 0   | 16  | 0   | POST   | /api/organizer/competition/[0-9a-z]+/score$   | 0.004 | 17.136 | 586.407   | 7.065  | 12.992 | 13.476 | 17.136 | 4.900  | 0.000     | 62.000     | 3823.000    | 46.060    |
| 346   | 0   | 339 | 0   | 7   | 0   | GET    | /api/player/competitions                      | 0.004 | 0.200  | 16.780    | 0.048  | 0.088  | 0.112  | 0.172  | 0.032  | 39.000    | 2801.000   | 153455.000  | 443.512   |
| 364   | 0   | 229 | 0   | 135 | 0   | GET    | /api/player/player/[0-9a-z]+$                 | 0.004 | 30.004 | 2829.861  | 7.774  | 20.604 | 25.876 | 30.000 | 8.387  | 0.000     | 1682.000   | 143886.000  | 395.291   |
| 590   | 0   | 589 | 0   | 1   | 0   | GET    | /api/admin/tenants/billing                    | 0.004 | 0.388  | 59.549    | 0.101  | 0.180  | 0.208  | 0.316  | 0.061  | 0.000     | 1632.000   | 815031.000  | 1381.408  |
| 1031  | 0   | 659 | 0   | 372 | 0   | GET    | /api/player/competition/[0-9a-z]+/ranking$    | 0.008 | 30.004 | 13064.161 | 12.671 | 26.212 | 29.984 | 30.001 | 9.643  | 0.000     | 14599.000  | 7138288.000 | 6923.655  |
+-------+-----+-----+-----+-----+-----+--------+-----------------------------------------------+-------+--------+-----------+--------+--------+--------+--------+--------+-----------+------------+-------------+-----------+
