+-------+-----+------+-----+-----+-----+--------+-----------------------------------------------+-------+--------+-----------+-------+--------+--------+--------+--------+-----------+------------+--------------+-----------+
| COUNT | 1XX | 2XX  | 3XX | 4XX | 5XX | METHOD |                      URI                      |  MIN  |  MAX   |    SUM    |  AVG  |  P90   |  P95   |  P99   | STDDEV | MIN(BODY) | MAX(BODY)  |  SUM(BODY)   | AVG(BODY) |
+-------+-----+------+-----+-----+-----+--------+-----------------------------------------------+-------+--------+-----------+-------+--------+--------+--------+--------+-----------+------------+--------------+-----------+
| 1     | 0   | 1    | 0   | 0   | 0   | GET    | /css/app.83b4c321.css                         | 0.000 | 0.000  | 0.000     | 0.000 | 0.000  | 0.000  | 0.000  | 0.000  | 4868.000  | 4868.000   | 4868.000     | 4868.000  |
| 1     | 0   | 1    | 0   | 0   | 0   | POST   | /initialize                                   | 2.676 | 2.676  | 2.676     | 2.676 | 2.676  | 2.676  | 2.676  | 0.000  | 55.000    | 55.000     | 55.000       | 55.000    |
| 1     | 0   | 1    | 0   | 0   | 0   | GET    | /index.html                                   | 0.000 | 0.000  | 0.000     | 0.000 | 0.000  | 0.000  | 0.000  | 0.000  | 479.000   | 479.000    | 479.000      | 479.000   |
| 1     | 0   | 1    | 0   | 0   | 0   | GET    | /js/app.3a4ec98c.js                           | 0.000 | 0.000  | 0.000     | 0.000 | 0.000  | 0.000  | 0.000  | 0.000  | 33296.000 | 33296.000  | 33296.000    | 33296.000 |
| 1     | 0   | 1    | 0   | 0   | 0   | GET    | /api/organizer/competitions                   | 0.004 | 0.004  | 0.004     | 0.004 | 0.004  | 0.004  | 0.004  | 0.000  | 177.000   | 177.000    | 177.000      | 177.000   |
| 10    | 0   | 9    | 0   | 1   | 0   | POST   | /api/organizer/player/[0-9a-z]+/disqualified$ | 0.004 | 0.152  | 0.496     | 0.050 | 0.108  | 0.152  | 0.152  | 0.050  | 39.000    | 162.000    | 1450.000     | 145.000   |
| 34    | 0   | 33   | 0   | 1   | 0   | POST   | /api/organizer/players/add                    | 0.248 | 10.304 | 152.772   | 4.493 | 9.116  | 10.228 | 10.304 | 3.279  | 0.000     | 26716.000  | 681151.000   | 20033.853 |
| 38    | 0   | 33   | 0   | 5   | 0   | POST   | /api/admin/tenants/add                        | 0.004 | 0.044  | 0.444     | 0.012 | 0.032  | 0.040  | 0.044  | 0.011  | 39.000    | 204.000    | 6416.000     | 168.842   |
| 56    | 0   | 55   | 0   | 1   | 0   | GET    | /api/organizer/billing                        | 0.012 | 30.000 | 53.300    | 0.952 | 0.832  | 2.264  | 30.000 | 4.061  | 320.000   | 1927.000   | 34492.000    | 615.929   |
| 68    | 0   | 67   | 0   | 1   | 0   | POST   | /api/organizer/competition/[0-9a-z]+/finish$  | 0.004 | 5.736  | 17.428    | 0.256 | 0.416  | 0.536  | 5.736  | 0.715  | 21.000    | 39.000     | 1446.000     | 21.265    |
| 90    | 0   | 90   | 0   | 0   | 0   | GET    | /api/organizer/players                        | 0.020 | 0.300  | 9.512     | 0.106 | 0.180  | 0.216  | 0.300  | 0.056  | 3070.000  | 602067.000 | 2993080.000  | 33256.444 |
| 100   | 0   | 99   | 0   | 1   | 0   | POST   | /api/organizer/competitions/add               | 0.004 | 0.544  | 7.688     | 0.077 | 0.184  | 0.244  | 0.304  | 0.082  | 39.000    | 198.000    | 16457.000    | 164.570   |
| 113   | 0   | 80   | 0   | 32  | 1   | POST   | /api/organizer/competition/[0-9a-z]+/score$   | 0.004 | 22.312 | 935.988   | 8.283 | 18.456 | 20.544 | 22.012 | 7.008  | 0.000     | 62.000     | 4559.000     | 40.345    |
| 366   | 0   | 365  | 0   | 1   | 0   | GET    | /api/admin/tenants/billing                    | 0.004 | 1.388  | 61.476    | 0.168 | 0.416  | 0.512  | 0.760  | 0.176  | 0.000     | 1668.000   | 504353.000   | 1378.014  |
| 497   | 0   | 484  | 0   | 13  | 0   | GET    | /api/player/competitions                      | 0.004 | 0.432  | 38.744    | 0.078 | 0.156  | 0.216  | 0.324  | 0.062  | 0.000     | 2783.000   | 225661.000   | 454.046   |
| 1455  | 0   | 1226 | 0   | 229 | 0   | GET    | /api/player/player/[0-9a-z]+$                 | 0.004 | 22.332 | 4452.948  | 3.060 | 12.344 | 16.640 | 20.824 | 5.390  | 0.000     | 2253.000   | 627687.000   | 431.400   |
| 1724  | 0   | 1391 | 0   | 333 | 0   | GET    | /api/player/competition/[0-9a-z]+/ranking$    | 0.004 | 22.548 | 10498.444 | 6.090 | 17.964 | 20.384 | 22.160 | 7.215  | 0.000     | 14769.000  | 16375595.000 | 9498.605  |
+-------+-----+------+-----+-----+-----+--------+-----------------------------------------------+-------+--------+-----------+-------+--------+--------+--------+--------+-----------+------------+--------------+-----------+
